ts_code,trade_date,close,turnover_rate,turnover_rate_f,volume_ratio,pe,pe_ttm,pb,ps,ps_ttm,dv_ratio,dv_ttm,total_share,float_share,free_share,total_mv,circ_mv,limit_status
301123.SZ,20251230,79.5,14.6362,22.2916,1.03,,,6.4927,10.906,8.7144,0.1236,0.1242,23464.0,23360.0,15337.7058,1865388.0,1857120.0,0
301123.SZ,20251229,71.51,9.861,15.0188,0.65,,,5.8402,9.8099,7.8386,0.1374,0.138,23464.0,23360.0,15337.7058,1677910.64,1670473.6,0
301123.SZ,20251226,76.5,12.1088,18.4423,0.79,,,6.2477,10.4944,8.3856,0.1284,0.129,23464.0,23360.0,15337.7058,1794996.0,1787040.0,0
301123.SZ,20251225,79.16,14.9329,22.7435,0.95,,,6.465,10.8593,8.6772,0.1241,0.1247,23464.0,23360.0,15337.7058,1857410.24,1849177.6,0
301123.SZ,20251224,74.0,16.8836,25.7145,1.14,,,6.0436,10.1515,8.1116,0.1328,0.1334,23464.0,23360.0,15337.7058,1736336.0,1728640.0,0
301123.SZ,20251223,72.53,16.9303,25.7856,1.39,,,5.9235,9.9498,7.9504,0.1355,0.1361,23464.0,23360.0,15337.7058,1701843.92,1694300.8,1
301123.SZ,20251222,60.44,15.0823,22.971,,,,4.9361,8.2913,6.6252,0.1626,0.1633,23464.0,23360.0,15337.7058,1418164.16,1411878.4,0
301123.SZ,20251219,56.68,12.5934,19.1803,1.46,,,4.629,7.7755,6.213,0.1734,0.1741,23464.0,23360.0,15337.7058,1329939.52,1324044.8,0
301123.SZ,20251218,59.2,16.8483,25.8944,2.64,,,4.8348,8.1212,6.4892,0.166,0.1667,23464.0,23360.0,15199.2858,1389068.8,1382912.0,0
301123.SZ,20251217,52.78,12.8106,19.6888,2.27,,,4.3105,7.2405,5.7855,0.1862,0.187,23464.0,23360.0,15199.2858,1238429.92,1232940.8,1
301123.SZ,20251216,44.08,3.6273,5.5748,0.53,,,3.5712,6.047,4.8319,0.2229,,23464.0,23360.0,15199.2858,1034293.12,1029708.8,0
301123.SZ,20251215,45.47,3.977,6.1123,0.61,,,3.6838,6.2377,4.9842,0.2161,,23464.0,23360.0,15199.2858,1066908.08,1062179.2,0
301123.SZ,20251212,47.2,5.8699,9.0216,1.0,,,3.824,6.475,5.1739,0.2082,,23464.0,23360.0,15199.2858,1107500.8,1102592.0,0
301123.SZ,20251211,46.83,5.6344,8.6595,1.14,,,3.794,6.4242,5.1333,0.2098,,23464.0,23360.0,15199.2858,1098819.12,1093948.8,0
301123.SZ,20251210,49.2,9.1588,14.1971,2.7,,,3.986,6.7494,5.3931,0.1997,,23464.0,23360.0,15069.9158,1154428.8,1149312.0,0
301123.SZ,20251209,46.09,9.3009,14.4175,4.96,,,3.7341,6.3227,5.0522,0.2132,,23464.0,23360.0,15069.9158,1081455.76,1076662.4,0
301123.SZ,20251208,43.11,2.7527,4.2669,,,,3.4926,5.9139,4.7255,0.2279,,23464.0,23360.0,15069.9158,1011533.04,1007049.6,0
301123.SZ,20251205,41.68,2.581,4.0008,,,,3.3768,5.7178,4.5688,0.2358,,23464.0,23360.0,15069.9158,977979.52,973644.8,0
301123.SZ,20251204,39.73,0.932,1.4446,,,,3.2188,5.4503,4.355,0.2473,,23464.0,23360.0,15069.9158,932224.72,928092.8,0
301123.SZ,20251203,39.92,1.4057,2.179,,,,3.2342,5.4763,4.3759,0.2461,,23464.0,23360.0,15069.9158,936682.88,932531.2,0
301123.SZ,20251202,41.1,1.6974,2.6311,0.79,,,3.3298,5.6382,4.5052,0.2391,,23464.0,23360.0,15069.9158,964370.4,960096.0,0
301123.SZ,20251201,41.51,1.4295,2.2159,0.62,,,3.363,5.6944,4.5501,0.2367,,23464.0,23360.0,15069.9158,973990.64,969673.6,0
301123.SZ,20251128,41.5,2.1696,3.3632,0.93,,,3.3622,5.6931,4.5491,0.2368,,23464.0,23360.0,15069.9158,973756.0,969440.0,0
301123.SZ,20251127,41.21,3.6222,5.6148,1.84,,,3.3387,5.6533,4.5173,0.2384,,23464.0,23360.0,15069.9158,966951.44,962665.6,0
301123.SZ,20251126,41.07,1.5662,2.4278,0.77,,,3.3274,5.6341,4.5019,0.2393,,23464.0,23360.0,15069.9158,963666.48,959395.2,0
301123.SZ,20251125,40.62,1.9968,3.0952,1.0,,,3.2909,5.5723,4.4526,0.2419,,23464.0,23360.0,15069.9158,953107.68,948883.2,0
301123.SZ,20251124,39.23,2.1525,3.3366,1.12,,,3.1783,5.3817,4.3002,0.2505,,23464.0,23360.0,15069.9158,920492.72,916412.8,0
301123.SZ,20251121,37.84,2.3267,3.6066,1.29,,,3.0657,5.191,4.1479,0.2597,,23464.0,23360.0,15069.9158,887877.76,883942.4,0
301123.SZ,20251120,40.08,1.7862,2.7687,0.87,,,3.2471,5.4983,4.3934,0.2452,,23464.0,23360.0,15069.9158,940437.12,936268.8,0
301123.SZ,20251119,40.9,1.9314,2.994,0.98,,,3.3136,5.6108,4.4833,0.2402,,23464.0,23360.0,15069.9158,959677.6,955424.0,0
301123.SZ,20251118,42.34,1.7663,2.7379,0.93,,,3.4302,5.8083,4.6411,0.2321,,23464.0,23360.0,15069.9158,993465.76,989062.4,0
301123.SZ,20251117,42.6,1.8057,2.799,0.9,,,3.4513,5.844,4.6696,0.2307,,23464.0,23360.0,15069.9158,999566.4,995136.0,0
301123.SZ,20251114,41.13,1.7512,2.7146,0.84,,,3.3322,5.6423,4.5085,0.2389,,23464.0,23360.0,15069.9158,965074.32,960796.8,0
301123.SZ,20251113,43.17,3.0375,4.7085,1.56,,,3.4975,5.9222,4.7321,0.2276,,23464.0,23360.0,15069.9158,1012940.88,1008451.2,0
301123.SZ,20251112,41.2,1.4601,2.2633,0.69,,,3.3379,5.6519,4.5162,0.2385,,23464.0,23360.0,15069.9158,966716.8,962432.0,0
301123.SZ,20251111,41.56,1.4628,2.2674,0.62,,,3.3671,5.7013,4.5556,0.2364,,23464.0,23360.0,15069.9158,975163.84,970841.6,0
301123.SZ,20251110,42.15,2.2999,3.565,0.9,,,3.4149,5.7822,4.6203,0.2331,,23464.0,23360.0,15069.9158,989007.6,984624.0,0
301123.SZ,20251107,43.23,2.1238,3.2922,0.73,,,3.5023,5.9304,4.7387,0.2273,,23464.0,23360.0,15069.9158,1014348.72,1009852.8,0
301123.SZ,20251106,44.87,2.4034,3.7255,0.66,,,3.6352,6.1554,4.9185,0.219,,23464.0,23360.0,15069.9158,1052829.68,1048163.2,0
301123.SZ,20251105,44.0,2.3624,3.6619,0.63,,,3.5647,6.036,4.8231,0.2233,,23464.0,23360.0,15069.9158,1032416.0,1027840.0,0
301123.SZ,20251104,44.36,2.607,4.0412,0.66,,,3.5939,6.0854,4.8626,0.2215,,23464.0,23360.0,15069.9158,1040863.04,1036249.6,0
301123.SZ,20251103,46.14,3.2502,5.0382,0.78,,,3.7381,6.3296,5.0577,0.213,,23464.0,23360.0,15069.9158,1082628.96,1077830.4,0
301123.SZ,20251031,46.96,3.8693,5.9979,0.93,,,3.8045,6.4421,5.1476,0.2092,,23464.0,23360.0,15069.9158,1101869.44,1096985.6,0
301123.SZ,20251030,47.06,6.0592,9.3925,1.74,,,3.8126,6.4558,5.1585,0.2088,,23464.0,23360.0,15069.9158,1104215.84,1099321.6,0
301123.SZ,20251029,47.02,2.8436,4.408,0.77,,,3.8094,6.4503,5.1541,0.209,,23464.0,23360.0,15069.9158,1103277.28,1098387.2,0
301123.SZ,20251028,47.45,3.831,5.9385,1.0,,,3.8442,6.5093,5.2013,0.2071,,23464.0,23360.0,15069.9158,1113366.8,1108432.0,0
301123.SZ,20251027,47.89,4.3096,6.6804,1.24,,,3.8799,6.5697,5.2495,0.2052,,23464.0,23360.0,15069.9158,1123690.96,1118710.4,0
301123.SZ,20251024,47.71,3.8377,10.9139,1.1,,,3.8989,6.545,5.8011,0.206,,23464.0,23360.0,8214.0794,1119467.44,1114505.6,0
301123.SZ,20251023,45.77,2.6173,7.4435,0.72,,,3.7403,6.2788,5.5652,0.2147,,23464.0,23360.0,8214.0794,1073947.28,1069187.2,0
301123.SZ,20251022,46.29,3.8008,10.809,1.02,,,3.7828,6.3502,5.6285,0.2123,,23464.0,23360.0,8214.0794,1086148.56,1081334.4,0
301123.SZ,20251021,45.55,4.5153,12.841,1.25,,,3.7224,6.2487,5.5385,0.2157,,23464.0,23360.0,8214.0794,1068785.2,1064048.0,0
301123.SZ,20251020,42.56,2.5464,7.2416,0.67,,,3.478,5.8385,5.1749,0.2309,,23464.0,23360.0,8214.0794,998627.84,994201.6,0
301123.SZ,20251017,42.74,4.0223,11.4389,1.06,,,3.4927,5.8632,5.1968,0.2299,,23464.0,23360.0,8214.0794,1002851.36,998406.4,0
301123.SZ,20251016,45.7,3.3287,9.4664,0.8,,,3.7364,6.2414,5.5321,0.216,,23360.0,23360.0,8214.0794,1067552.0,1067552.0,0
301123.SZ,20251015,47.11,4.3097,12.2563,1.06,,,3.8517,6.434,5.7028,0.2095,,23360.0,23360.0,8214.0794,1100489.6,1100489.6,0
301123.SZ,20251014,44.62,3.836,10.9093,0.98,,,3.6481,6.0939,5.4013,0.2212,,23360.0,23360.0,8214.0794,1042323.2,1042323.2,0
301123.SZ,20251013,47.87,3.6421,10.3577,0.89,,,3.9138,6.5378,5.7948,0.2062,,23360.0,23360.0,8214.0794,1118243.2,1118243.2,0
301123.SZ,20251010,46.71,3.8553,10.964,0.91,,,3.819,6.3794,5.6543,0.2113,,23360.0,23360.0,8214.0794,1091145.6,1091145.6,0
301123.SZ,20251009,47.66,5.1895,14.7583,1.27,,,3.8967,6.5091,5.7693,0.2071,,23360.0,23360.0,8214.0794,1113337.6,1113337.6,0
301123.SZ,20250930,46.08,3.7705,10.7229,0.82,,,3.7675,6.2933,5.5781,0.2142,,23360.0,23360.0,8214.0794,1076428.8,1076428.8,0
301123.SZ,20250929,44.35,3.0333,8.6263,0.61,,,3.626,6.0571,5.3687,0.2225,,23360.0,23360.0,8214.0794,1036016.0,1036016.0,0
301123.SZ,20250926,44.08,4.5776,13.0181,0.84,,,3.604,6.0202,5.336,0.2239,0.2239,23360.0,23360.0,8214.0794,1029708.8,1029708.8,0
301123.SZ,20250925,47.09,4.6712,13.2844,0.79,,,3.8501,6.4313,5.7003,0.2096,0.2096,23360.0,23360.0,8214.0794,1100022.4,1100022.4,0
301123.SZ,20250924,48.0,4.3745,12.4407,0.6,,,3.9245,6.5556,5.8105,0.2056,0.2056,23360.0,23360.0,8214.0794,1121280.0,1121280.0,0
301123.SZ,20250923,47.78,6.3727,18.1233,0.81,,,3.9065,6.5255,5.7839,0.2066,0.2066,23360.0,23360.0,8214.0794,1116140.8,1116140.8,0
301123.SZ,20250922,50.36,4.8694,13.8481,0.62,,,4.1174,6.8779,6.0962,0.196,0.196,23360.0,23360.0,8214.0794,1176409.6,1176409.6,0
301123.SZ,20250919,51.52,6.9381,19.7313,0.84,,,4.2122,7.0363,6.2366,0.1916,0.1916,23360.0,23360.0,8214.0794,1203507.2,1203507.2,0
301123.SZ,20250918,50.09,6.9435,19.7467,0.81,,,4.0953,6.841,6.0635,0.197,0.197,23360.0,23360.0,8214.0794,1170102.4,1170102.4,0
301123.SZ,20250917,51.53,11.3419,32.2553,1.52,,,4.2131,7.0377,6.2378,0.1915,0.1915,23360.0,23360.0,8214.0794,1203740.8,1203740.8,0
301123.SZ,20250916,47.62,9.0291,25.6778,1.4,,,3.8934,6.5037,5.7645,0.2073,0.2073,23360.0,23360.0,8214.0794,1112403.2,1112403.2,0
301123.SZ,20250915,46.67,4.748,13.503,0.73,,,3.8157,6.3739,5.6495,0.2115,0.2115,23360.0,23360.0,8214.0794,1090211.2,1090211.2,0
301123.SZ,20250912,47.84,9.4705,26.9331,1.56,,,3.9114,6.5337,5.7911,0.2063,0.2063,23360.0,23360.0,8214.0794,1117542.4,1117542.4,0
301123.SZ,20250911,49.16,8.1233,23.1018,1.28,,,4.0193,6.714,5.9509,0.2008,0.2008,23360.0,23360.0,8214.0794,1148377.6,1148377.6,1
301123.SZ,20250910,40.97,5.8881,16.7452,1.01,,,3.3497,5.5954,4.9595,0.2409,0.2409,23360.0,23360.0,8214.0794,957059.2,957059.2,0
301123.SZ,20250909,39.12,3.9758,11.3067,0.63,,,3.1984,5.3428,4.7356,0.2523,0.2523,23360.0,23360.0,8214.0794,913843.2,913843.2,0
301123.SZ,20250908,41.17,5.2511,14.9335,0.78,,,3.366,5.6228,4.9837,0.2397,0.2397,23360.0,23360.0,8214.0794,961731.2,961731.2,0
301123.SZ,20250905,44.66,7.0785,20.1306,0.9,,,3.6514,6.0994,5.4062,0.221,0.221,23360.0,23360.0,8214.0794,1043257.6,1043257.6,0
301123.SZ,20250904,42.82,9.471,26.9347,1.11,,,3.5009,5.8481,5.1835,0.2305,0.2305,23360.0,23360.0,8214.0794,1000275.2,1000275.2,0
301123.SZ,20250903,41.7,3.269,9.2967,0.34,,,3.4094,5.6951,5.0479,0.2367,0.2367,23360.0,23360.0,8214.0794,974112.0,974112.0,0
301123.SZ,20250902,42.96,6.3707,18.1177,0.59,,,3.5124,5.8672,5.2004,0.2297,0.2297,23360.0,23360.0,8214.0794,1003545.6,1003545.6,0
301123.SZ,20250901,46.1,7.5133,21.3671,0.72,,,3.7691,6.2961,5.5805,0.2141,0.2141,23360.0,23360.0,8214.0794,1076896.0,1076896.0,0
301123.SZ,20250829,47.94,12.6977,36.1111,1.33,,,3.9195,6.5474,5.8032,0.2059,0.2059,23360.0,23360.0,8214.0794,1119878.4,1119878.4,0
301123.SZ,20250828,47.81,12.727,36.1943,1.48,,,3.9089,6.5296,5.7875,0.2064,0.2064,23360.0,23360.0,8214.0794,1116841.6,1116841.6,1
301123.SZ,20250827,39.84,9.324,26.5164,1.1,,,3.2692,5.4411,5.2826,0.2477,0.2477,23360.0,23360.0,8214.0794,930662.4,930662.4,0
301123.SZ,20250826,42.48,11.3072,32.1565,1.31,,,3.4858,5.8017,5.6327,0.2323,0.2323,23360.0,23360.0,8214.0794,992332.8,992332.8,0
301123.SZ,20250825,42.89,6.2372,17.7379,0.66,,,3.5195,5.8577,5.687,0.2301,0.2301,23360.0,23360.0,8214.0794,1001910.4,1001910.4,0
301123.SZ,20250822,43.09,8.2763,23.5369,0.81,,,3.5359,5.885,5.7136,0.2291,0.2291,23360.0,23360.0,8214.0794,1006582.4,1006582.4,0
301123.SZ,20250821,43.03,7.9346,22.5653,0.75,,,3.531,5.8768,5.7056,0.2294,0.2294,23360.0,23360.0,8214.0794,1005180.8,1005180.8,0
301123.SZ,20250820,46.25,8.5525,24.3225,0.84,,,3.7952,6.3166,6.1326,0.2134,0.2134,23360.0,23360.0,8214.0794,1080400.0,1080400.0,0
301123.SZ,20250819,48.92,12.1369,34.5162,1.34,,,4.0143,6.6812,6.4866,0.2018,0.2018,23360.0,23360.0,8214.0794,1142771.2,1142771.2,0
301123.SZ,20250818,47.29,10.2515,29.1543,1.18,,,3.8805,6.4586,6.2705,0.2087,0.2087,23360.0,23360.0,8214.0794,1104694.4,1104694.4,1
301123.SZ,20250815,39.41,12.1432,34.5341,1.53,,,3.2339,5.3824,5.2256,0.2504,0.2504,23360.0,23360.0,8214.0794,920617.6,920617.6,1
301123.SZ,20250814,32.84,10.1542,28.8774,1.35,,,2.6948,4.4851,4.3544,0.3005,0.3005,23360.0,23360.0,8214.0794,767142.4,767142.4,0
301123.SZ,20250813,31.71,6.059,17.2312,0.73,,,2.6021,4.3308,4.2046,0.3113,0.3113,23360.0,23360.0,8214.0794,740745.6,740745.6,0
301123.SZ,20250812,33.38,6.755,19.2106,0.75,,,2.7391,4.5588,4.426,0.2957,0.2957,23360.0,23360.0,8214.0794,779756.8,779756.8,0
301123.SZ,20250811,33.25,8.1573,23.1987,0.98,,,2.7284,4.5411,4.4088,0.2968,0.2968,23360.0,23360.0,8214.0794,776720.0,776720.0,0
301123.SZ,20250808,32.68,8.6655,24.6438,1.13,,,2.6817,4.4632,4.3332,0.302,0.302,23360.0,23360.0,8214.0794,763404.8,763404.8,0
301123.SZ,20250807,30.91,8.111,23.0667,1.03,,,2.5364,4.2215,4.0985,0.3193,0.3193,23360.0,23360.0,8214.0794,722057.6,722057.6,0
301123.SZ,20250806,32.11,9.5685,27.2118,1.31,,,2.6349,4.3854,4.2576,0.3074,0.3074,23360.0,23360.0,8214.0794,750089.6,750089.6,0
301123.SZ,20250805,30.6,10.5244,29.9304,1.77,,,2.511,4.1792,4.0574,0.3225,0.3225,23360.0,23360.0,8214.0794,714816.0,714816.0,0
301123.SZ,20250804,27.74,4.963,14.1141,0.84,,,2.2763,3.7886,3.6782,0.3558,0.3558,23360.0,23360.0,8214.0794,648006.4,648006.4,0
301123.SZ,20250801,26.9,5.2952,15.059,1.01,,,2.2074,3.6738,3.5668,0.3669,0.3669,23360.0,23360.0,8214.0794,628384.0,628384.0,0
301123.SZ,20250731,26.79,8.9044,25.3233,2.32,,,2.1983,3.6588,3.5522,0.3684,0.3684,23360.0,23360.0,8214.0794,625814.4,625814.4,0
301123.SZ,20250730,26.21,6.8204,19.3965,2.2,,,2.1507,3.5796,3.4753,0.3766,0.3766,23360.0,23360.0,8214.0794,612265.6,612265.6,0
301123.SZ,20250729,25.15,3.7028,10.5304,1.23,,,2.0638,3.4348,3.3348,0.3924,0.3924,23360.0,23360.0,8214.0794,587504.0,587504.0,0
301123.SZ,20250728,24.85,4.7012,13.3698,1.76,,,2.0391,3.3939,3.295,0.3972,0.3972,23360.0,23360.0,8214.0794,580496.0,580496.0,0
301123.SZ,20250725,24.01,5.169,5.7988,0.75,,,1.9702,3.2791,3.1836,0.4111,0.4111,23360.0,9214.8803,8214.0794,560873.6,221249.276,0
301123.SZ,20250724,23.77,4.8834,5.4784,0.66,,,1.9505,3.2464,3.1518,0.4152,0.4152,23360.0,9214.8803,8214.0794,555267.2,219037.7047,0
301123.SZ,20250723,23.57,7.9504,8.9191,1.08,,,1.9341,3.2191,3.1253,0.4188,0.4188,23360.0,9214.8803,8214.0794,550595.2,217194.7287,0
301123.SZ,20250722,24.23,8.1132,9.1017,0.97,,,1.9883,3.3092,3.2128,0.4073,0.4073,23360.0,9214.8803,8214.0794,566012.8,223276.5497,0
301123.SZ,20250721,24.42,7.6921,8.6293,0.83,,,2.0039,3.3351,3.238,0.4042,0.4042,23360.0,9214.8803,8214.0794,570451.2,225027.3769,0
301123.SZ,20250718,24.08,5.8202,6.5293,0.5,,,1.976,3.2887,3.1929,0.4099,0.4099,23360.0,9214.8803,8214.0794,562508.8,221894.3176,0
301123.SZ,20250717,24.39,7.599,8.5249,0.51,,,2.0014,3.331,3.234,0.4047,0.4047,23360.0,9214.8803,8214.0794,569750.4,224750.9305,0
301123.SZ,20250716,24.0,7.5216,8.4381,0.35,,,1.9694,3.2778,3.1823,0.4112,0.4112,23360.0,9214.8803,8214.0794,560640.0,221157.1272,0
301123.SZ,20250715,24.2,13.083,14.677,0.55,,,1.9858,3.3051,3.2088,0.4078,0.4078,23360.0,9214.8803,8214.0794,565312.0,223000.1033,0
301123.SZ,20250714,25.05,12.1808,13.6649,0.55,,,2.0556,3.4212,3.3215,0.394,0.394,23360.0,9214.8803,8214.0794,585168.0,230832.7515,0
301123.SZ,20250711,24.97,17.6692,19.822,0.9,,,2.049,3.4103,3.3109,0.3953,0.3953,23360.0,9214.8803,8214.0794,583299.2,230095.5611,0
301123.SZ,20250710,26.19,24.5694,27.5629,1.55,,,2.1491,3.5769,3.4727,0.3769,0.3769,23360.0,9214.8803,8214.0794,611798.4,241337.7151,0
301123.SZ,20250709,28.09,40.5258,45.4634,4.79,,,2.305,3.8364,3.7246,0.3514,0.3514,23360.0,9214.8803,8214.0794,656182.4,258845.9876,0
301123.SZ,20250708,27.25,24.0918,27.0271,5.28,,,2.2361,3.7216,3.6132,0.3622,0.3622,23360.0,9214.8803,8214.0794,636560.0,251105.4882,1
301123.SZ,20250707,22.71,3.8866,4.3602,0.78,,,1.8635,3.1016,3.0112,0.4346,0.4346,23360.0,9214.8803,8214.0794,530505.6,209269.9316,0
301123.SZ,20250704,22.44,4.7495,5.3282,0.85,,,1.8414,3.0647,2.9754,0.4398,0.4398,23360.0,9214.8803,8214.0794,524198.4,206781.9139,0
301123.SZ,20250703,22.84,6.0449,6.7814,1.06,,,1.8742,3.1194,3.0285,0.4321,0.4321,23360.0,9214.8803,8214.0794,533542.4,210467.8661,0
301123.SZ,20250702,22.22,3.5304,3.9606,0.58,,,1.8233,3.0347,2.9463,0.4442,0.4442,23360.0,9214.8803,8214.0794,519059.2,204754.6403,0
301123.SZ,20250701,22.57,4.6197,5.1826,0.73,,,1.8521,3.0825,2.9927,0.4373,0.4373,23360.0,9214.8803,8214.0794,527235.2,207979.8484,0
301123.SZ,20250630,22.81,5.9207,6.642,0.98,,,1.8718,3.1153,3.0245,0.4327,0.4327,23360.0,9214.8803,8214.0794,532841.6,210191.4196,0
301123.SZ,20250627,22.52,7.6932,8.6305,1.36,,,1.848,3.0757,2.9861,0.4383,0.4383,23360.0,9214.8803,8214.0794,526067.2,207519.1044,0
301123.SZ,20250626,22.26,6.7168,7.5351,1.11,,,1.8266,3.0401,2.9516,0.4434,0.4434,23360.0,9214.8803,8214.0794,519993.6,205123.2355,0
301123.SZ,20250625,22.11,5.3953,6.0526,0.98,,,1.8143,3.0197,2.9317,0.4464,0.4464,23360.0,9214.8803,8214.0794,516489.6,203741.0034,0
301123.SZ,20250624,22.11,6.0913,6.8335,1.3,,,1.8143,3.0197,2.9317,0.4464,0.4464,23360.0,9214.8803,8214.0794,516489.6,203741.0034,0
301123.SZ,20250623,21.8,4.3047,4.8291,1.0,,,1.7889,2.9773,2.8906,0.4527,0.4527,23360.0,9214.8803,8214.0794,509248.0,200884.3905,0
301123.SZ,20250620,21.54,5.7319,6.4303,1.49,,,1.7675,2.9418,2.8561,0.4582,0.4582,23360.0,9214.8803,8214.0794,503174.4,198488.5217,0
301123.SZ,20250619,21.57,8.6231,9.6738,3.23,,,1.77,2.9459,2.8601,0.4576,0.4576,23360.0,9214.8803,8214.0794,503875.2,198764.9681,0
301123.SZ,20250618,21.28,2.7871,3.1267,0.93,,,1.7462,2.9063,2.8216,0.4638,0.4638,23360.0,9214.8803,8214.0794,497100.8,196092.6528,0
301123.SZ,20250617,20.86,1.9183,2.152,0.48,,,1.7117,2.8489,2.7659,0.4732,0.4732,23360.0,9214.8803,8214.0794,487289.6,192222.4031,0
301123.SZ,20250616,20.9,2.4514,2.75,0.44,,,1.715,2.8544,2.7713,0.4722,0.4722,23360.0,9214.8803,8214.0794,488224.0,192590.9983,0
301123.SZ,20250613,20.55,3.4846,3.9091,0.64,,,1.6863,2.8066,2.7248,0.4803,0.4803,23360.0,9214.8803,8214.0794,480048.0,189365.7902,0
301123.SZ,20250612,21.17,2.7026,3.0319,0.47,,,1.7372,2.8913,2.8071,0.4662,0.4662,23360.0,9214.8803,8214.0794,494531.2,195079.016,0
301123.SZ,20250611,21.34,4.4071,4.9441,0.8,,,1.7511,2.9145,2.8296,0.4625,0.4625,23360.0,9214.8803,8214.0794,498502.4,196645.5456,0
301123.SZ,20250610,21.0,6.8001,7.6286,1.5,,,1.7232,2.8681,2.7845,0.47,0.47,23360.0,9214.8803,8214.0794,490560.0,193512.4863,0
301123.SZ,20250609,21.65,10.5202,11.802,3.37,,,1.7766,2.9568,2.8707,0.4559,0.4559,23360.0,9214.8803,8214.0794,505744.0,199502.1585,0
301123.SZ,20250606,21.34,2.9641,3.3252,0.94,,,1.7511,2.9145,2.8296,0.4625,0.4625,23360.0,9214.8803,8214.0794,498502.4,196645.5456,0
301123.SZ,20250605,21.28,3.8767,4.349,1.41,,,1.7462,2.9063,2.8216,0.4638,0.4638,23360.0,9214.8803,8214.0794,497100.8,196092.6528,0
301123.SZ,20250604,20.83,3.5565,3.9899,1.43,,,1.7093,2.8448,2.762,0.4738,0.4738,23360.0,9214.8803,8214.0794,486588.8,191945.9566,0
301123.SZ,20250603,20.28,1.7947,2.0134,0.7,,,1.6641,2.7697,2.689,0.4867,0.4867,23360.0,9214.8803,8214.0794,473740.8,186877.7725,0
301123.SZ,20250530,20.18,3.4244,3.8416,1.36,,,1.6559,2.7561,2.6758,0.4891,0.4891,23360.0,9214.8803,8214.0794,471404.8,185956.2845,0
301123.SZ,20250529,21.04,3.1326,3.5143,1.29,,,1.7265,2.8735,2.7898,0.4691,0.4691,23360.0,9214.8803,8214.0794,491494.4,193881.0815,0
301123.SZ,20250528,20.39,1.8696,2.0974,0.72,,,1.6732,2.7847,2.7036,0.4841,0.4841,23360.0,9214.8803,8214.0794,476310.4,187891.4093,0
301123.SZ,20250527,20.56,2.1913,2.4583,0.75,,,1.6871,2.808,2.7262,0.4801,0.4801,23360.0,9214.8803,8214.0794,480281.6,189457.939,0
301123.SZ,20250526,20.68,2.2249,2.496,0.71,,,1.697,2.8244,2.7421,0.4773,0.4773,23360.0,9214.8803,8214.0794,483084.8,190563.7246,0
301123.SZ,20250523,20.44,3.1289,3.5101,0.92,,,1.6773,2.7916,2.7103,0.4829,0.4829,23360.0,9214.8803,8214.0794,477478.4,188352.1533,0
301123.SZ,20250522,20.86,2.7657,3.1027,0.79,,,1.7117,2.8489,2.7659,0.4732,0.4732,23360.0,9214.8803,8214.0794,487289.6,192222.4031,0
301123.SZ,20250521,20.94,2.7491,3.0841,0.73,,,1.7183,2.8599,2.7766,0.4713,0.4713,23360.0,9214.8803,8214.0794,489158.4,192959.5935,0
301123.SZ,20250520,21.52,3.7204,4.1737,0.93,,,1.7659,2.9391,2.8535,0.4586,0.4586,23360.0,9214.8803,8214.0794,502707.2,198304.2241,0
301123.SZ,20250519,21.03,3.3772,3.7887,0.78,,,1.7257,2.8722,2.7885,0.4693,0.4693,23360.0,9214.8803,8214.0794,491260.8,193788.9327,0
301123.SZ,20250516,21.31,4.3943,4.9297,0.92,,,1.7487,2.9104,2.8256,0.4632,0.4632,23360.0,9214.8803,8214.0794,497801.6,196369.0992,0
301123.SZ,20250515,21.23,3.2399,3.6346,0.49,,,1.7421,2.8995,2.815,0.4649,0.4649,23360.0,9214.8803,8214.0794,495932.8,195631.9088,0
301123.SZ,20250514,21.5,4.0235,4.5137,0.45,,,1.7643,2.9363,2.8508,0.4591,0.4591,23360.0,9214.8803,8214.0794,502240.0,198119.9265,0
301123.SZ,20250513,21.59,4.8734,5.4672,0.47,,,1.7716,2.9486,2.8627,0.4572,0.4572,23360.0,9214.8803,8214.0794,504342.4,198949.2657,0
301123.SZ,20250512,21.6,5.0131,5.6239,0.49,,,1.7725,2.95,2.8641,0.4569,0.4569,23360.0,9214.8803,8214.0794,504576.0,199041.4145,0
301123.SZ,20250509,21.46,6.8611,7.697,0.75,,,1.761,2.9309,2.8455,0.4599,0.4599,23360.0,9214.8803,8214.0794,501305.6,197751.3312,0
301123.SZ,20250508,22.12,12.4397,13.9553,1.74,,,1.8151,3.021,2.933,0.4462,0.4462,23360.0,9214.8803,8214.0794,516723.2,203833.1522,0
301123.SZ,20250507,21.8,15.198,17.0497,3.36,,,1.7889,2.9773,2.8906,0.4527,0.4527,23360.0,9214.8803,8214.0794,509248.0,200884.3905,0
301123.SZ,20250506,22.46,12.2246,13.7141,4.57,,,1.843,3.0675,2.9781,0.4394,0.4394,23360.0,9214.8803,8214.0794,524665.6,206966.2115,1
301123.SZ,20250430,18.72,4.3227,4.8494,1.8,,,1.5361,2.5567,2.4822,0.5272,0.5272,23360.0,9214.8803,8214.0794,437299.2,172502.5592,0
301123.SZ,20250429,18.03,1.8618,2.0886,0.74,,,1.4795,2.4624,2.3907,0.5474,0.5474,23360.0,9214.8803,8214.0794,421180.8,166144.2918,0
301123.SZ,20250428,17.88,2.1358,2.396,0.86,,,1.4642,2.4419,2.4419,0.552,0.552,23360.0,9214.8803,8214.0794,417676.8,164762.0598,0
301123.SZ,20250425,18.03,2.0479,2.2974,0.82,,,1.4765,2.4624,2.4624,0.5474,0.5474,23360.0,9214.8803,8214.0794,421180.8,166144.2918,0
301123.SZ,20250424,18.11,3.0124,3.3794,1.27,,,1.4831,2.4734,2.4734,0.545,0.545,23360.0,9214.8803,8214.0794,423049.6,166881.4822,0
301123.SZ,20250423,18.68,2.9544,3.3143,1.18,2036.7662,544.5949,1.4884,2.9688,2.7061,0.5284,0.5284,23360.0,9214.8803,8214.0794,436364.8,172133.964,0
301123.SZ,20250422,18.17,2.4244,2.7198,0.98,1981.1585,529.7264,1.4478,2.8877,2.6322,0.5432,0.5432,23360.0,9214.8803,8214.0794,424451.2,167434.3751,0
301123.SZ,20250421,18.45,2.0208,2.267,0.7,2011.6882,537.8895,1.4701,2.9322,2.6728,0.535,0.535,23360.0,9214.8803,8214.0794,430992.0,170014.5415,0
301123.SZ,20250418,18.19,2.0433,2.2923,0.66,1983.3392,530.3095,1.4493,2.8909,2.6351,0.5426,0.5426,23360.0,9214.8803,8214.0794,424918.4,167618.6727,0
301123.SZ,20250417,18.13,2.4278,2.7236,0.69,1976.7971,528.5602,1.4446,2.8814,2.6264,0.5444,0.5444,23360.0,9214.8803,8214.0794,423516.8,167065.7798,0
301123.SZ,20250416,18.28,3.564,3.9983,0.96,1993.1523,532.9333,1.4565,2.9052,2.6482,0.5399,0.5399,23360.0,9214.8803,8214.0794,427020.8,168448.0119,0
301123.SZ,20250415,18.95,2.2669,2.5431,0.55,2066.2055,552.4664,1.5099,3.0117,2.7452,0.5208,0.5208,23360.0,9214.8803,8214.0794,442672.0,174621.9817,0
301123.SZ,20250414,19.11,4.0939,4.5927,0.94,2083.651,557.1311,1.5226,3.0371,2.7684,0.5165,0.5165,23360.0,9214.8803,8214.0794,446409.6,176096.3625,0
301123.SZ,20250411,18.53,3.0972,3.4745,0.74,2020.411,540.2218,1.4764,2.9449,2.6844,0.5326,0.5326,23360.0,9214.8803,8214.0794,432860.8,170751.732,0
301123.SZ,20250410,18.37,4.5367,5.0894,1.25,2002.9654,535.5572,1.4637,2.9195,2.6612,0.5373,0.5373,23360.0,9214.8803,8214.0794,429123.2,169277.3511,0
301123.SZ,20250409,17.67,4.5164,5.0666,1.43,1926.6412,515.1494,1.4079,2.8083,2.5598,0.5586,0.5586,23360.0,9214.8803,8214.0794,412771.2,162826.9349,0
301123.SZ,20250408,17.21,4.1871,4.6972,1.41,1876.4853,501.7387,1.3713,2.7352,2.4932,0.5735,0.5735,23360.0,9214.8803,8214.0794,402025.6,158588.09,0
301123.SZ,20250407,17.04,5.5005,6.1706,2.19,1857.9494,496.7825,1.3577,2.7081,2.4685,0.5792,0.5792,23360.0,9214.8803,8214.0794,398054.4,157021.5603,-1
301123.SZ,20250403,21.3,2.1891,2.4558,0.8,2322.4368,620.9781,1.6971,3.3852,3.0857,0.4634,0.4634,23360.0,9214.8803,8214.0794,497568.0,196276.9504,0
301123.SZ,20250402,21.58,1.7667,1.982,0.59,2352.9665,629.1412,1.7195,3.4297,3.1262,0.4574,0.4574,23360.0,9214.8803,8214.0794,504108.8,198857.1169,0
301123.SZ,20250401,21.68,2.1569,2.4197,0.63,2363.8699,632.0566,1.7274,3.4456,3.1407,0.4553,0.4553,23360.0,9214.8803,8214.0794,506444.8,199778.6049,0
301123.SZ,20250331,21.76,3.2577,3.6546,0.77,2372.5927,634.3889,1.7338,3.4583,3.1523,0.4536,0.4536,23360.0,9214.8803,8214.0794,508313.6,200515.7953,0
301123.SZ,20250328,21.92,3.1614,3.5466,0.62,2390.0382,639.0535,1.7465,3.4837,3.1755,0.4503,0.4503,23360.0,9214.8803,8214.0794,512051.2,201990.1762,0
301123.SZ,20250327,22.63,3.4044,3.8192,0.56,2467.4528,659.7528,1.8031,3.5965,3.2783,0.4361,0.4361,23360.0,9214.8803,8214.0794,528636.8,208532.7412,0
301123.SZ,20250326,22.77,3.0726,3.4469,0.47,2482.7176,663.8344,1.8143,3.6188,3.2986,0.4335,0.4335,23360.0,9214.8803,8214.0794,531907.2,209822.8244,0
301123.SZ,20250325,22.74,4.3133,4.8389,0.62,2479.4466,662.9597,1.8119,3.614,3.2943,0.434,0.434,23360.0,9214.8803,8214.0794,531206.4,209546.378,0
301123.SZ,20250324,23.59,7.0739,7.9358,1.0,2572.126,687.7405,1.8796,3.7491,3.4174,0.4184,0.4184,23360.0,9214.8803,8214.0794,551062.4,217379.0263,0
301123.SZ,20250321,24.75,7.6181,8.5462,0.93,2698.6061,721.5591,1.972,3.9335,3.5855,0.3988,0.3988,23360.0,9214.8803,8214.0794,578160.0,228068.2874,0
301123.SZ,20250320,25.44,8.3884,9.4105,0.97,2773.84,741.6753,2.027,4.0431,3.6854,0.388,0.388,23360.0,9214.8803,8214.0794,594278.4,234426.5548,0
301123.SZ,20250319,24.63,5.3671,6.021,0.6,2685.522,718.0606,1.9625,3.9144,3.5681,0.4007,0.4007,23360.0,9214.8803,8214.0794,575356.8,226962.5018,0
301123.SZ,20250318,25.28,6.6028,7.4073,0.77,2756.3945,737.0106,2.0143,4.0177,3.6622,0.3904,0.3904,23360.0,9214.8803,8214.0794,590540.8,232952.174,0
301123.SZ,20250317,25.2,7.4948,8.408,0.9,2747.6717,734.6783,2.0079,4.005,3.6506,0.3917,0.3917,23360.0,9214.8803,8214.0794,588672.0,232214.9836,0
301123.SZ,20250314,25.83,13.0592,14.6504,1.64,2816.3635,753.0453,2.0581,4.1051,3.7419,0.3821,0.3821,23360.0,9214.8803,8214.0794,603388.8,238020.3581,0
301123.SZ,20250313,25.69,10.9263,12.2576,1.46,2801.0986,748.9637,2.0469,4.0829,3.7216,0.3842,0.3842,23360.0,9214.8803,8214.0794,600118.4,236730.2749,0
301123.SZ,20250312,25.18,6.9676,7.8166,0.98,2745.491,734.0953,2.0063,4.0018,3.6478,0.392,0.392,23360.0,9214.8803,8214.0794,588204.8,232030.686,0
301123.SZ,20250311,24.72,4.2212,4.7355,0.54,2695.3351,720.6845,1.9696,3.9287,3.5811,0.3993,0.3993,23360.0,9214.8803,8214.0794,577459.2,227791.841,0
301123.SZ,20250310,24.89,6.62,7.4266,0.86,2713.871,725.6406,1.9832,3.9557,3.6057,0.3965,0.3965,23360.0,9214.8803,8214.0794,581430.4,229358.3707,0
301123.SZ,20250307,25.31,10.9587,12.2939,1.46,2759.6655,737.8853,2.0167,4.0225,3.6666,0.39,0.39,23360.0,9214.8803,8214.0794,591241.6,233228.6204,0
301123.SZ,20250306,25.06,8.6899,9.7486,1.03,2732.4068,730.5968,1.9967,3.9827,3.6304,0.3939,0.3939,23360.0,9214.8803,8214.0794,585401.6,230924.9003,0
301123.SZ,20250305,24.28,5.0418,5.6561,0.46,2647.3599,707.8567,1.9346,3.8588,3.5174,0.4065,0.4065,23360.0,9214.8803,8214.0794,567180.8,223737.2937,0
301123.SZ,20250304,24.44,7.9648,8.9353,0.74,2664.8054,712.5214,1.9473,3.8842,3.5405,0.4038,0.4038,23360.0,9214.8803,8214.0794,570918.4,225211.6745,0
301123.SZ,20250303,23.59,6.0346,6.7698,0.54,2572.126,687.7405,1.8796,3.7491,3.4174,0.4184,0.4184,23360.0,9214.8803,8214.0794,551062.4,217379.0263,0
301123.SZ,20250228,23.32,9.7231,10.9077,0.82,2542.6867,679.869,1.8581,3.7062,3.3783,0.4232,0.4232,23360.0,9214.8803,8214.0794,544755.2,214891.0086,0
301123.SZ,20250227,25.3,13.5856,15.2409,1.08,2758.5751,737.5937,2.0159,4.0209,3.6651,0.3901,0.3901,23360.0,9214.8803,8214.0794,591008.0,233136.4716,0
301123.SZ,20250226,25.87,17.7307,19.891,1.63,2820.7249,754.2114,2.0613,4.1115,3.7477,0.3815,0.3815,23360.0,9214.8803,8214.0794,604323.2,238388.9534,0
301123.SZ,20250225,24.61,6.9973,7.8498,0.6,2683.3413,717.4775,1.9609,3.9112,3.5652,0.4011,0.4011,23360.0,9214.8803,8214.0794,574889.6,226778.2042,0
301123.SZ,20250224,24.44,7.7437,8.6872,0.59,2664.8054,712.5214,1.9473,3.8842,3.5405,0.4038,0.4038,23360.0,9214.8803,8214.0794,570918.4,225211.6745,0
301123.SZ,20250221,24.97,12.9625,14.5418,1.09,2722.5937,727.9729,1.9896,3.9684,3.6173,0.3953,0.3953,23360.0,9214.8803,8214.0794,583299.2,230095.5611,0
301123.SZ,20250220,24.87,17.3346,19.4467,1.67,2711.6903,725.0575,1.9816,3.9525,3.6028,0.3969,0.3969,23360.0,9214.8803,8214.0794,580963.2,229174.0731,0
301123.SZ,20250219,23.76,9.4095,10.5559,0.9,2590.6619,692.6967,1.8932,3.7761,3.442,0.4154,0.4154,23360.0,9214.8803,8214.0794,555033.6,218945.5559,0
301123.SZ,20250218,23.01,10.9025,12.2309,0.96,2508.8859,670.8313,1.8334,3.6569,3.3334,0.4289,0.4289,23360.0,9214.8803,8214.0794,537513.6,212034.3957,0
301123.SZ,20250217,23.96,14.7529,16.5503,1.44,2612.4688,698.5275,1.9091,3.8079,3.471,0.4119,0.4119,23360.0,9214.8803,8214.0794,559705.6,220788.532,0
301123.SZ,20250214,22.44,7.0649,7.9257,0.62,2446.7362,654.2136,1.788,3.5664,3.2508,0.4398,0.4398,23360.0,9214.8803,8214.0794,524198.4,206781.9139,0
301123.SZ,20250213,22.56,9.7296,10.9151,0.84,2459.8204,657.712,1.7975,3.5854,3.2682,0.4375,0.4375,23360.0,9214.8803,8214.0794,527001.6,207887.6996,0
301123.SZ,20250212,23.56,9.9759,11.1913,0.85,2568.855,686.8659,1.8772,3.7444,3.4131,0.4189,0.4189,23360.0,9214.8803,8214.0794,550361.6,217102.5799,0
301123.SZ,20250211,23.51,15.1985,17.0502,1.28,2563.4032,685.4082,1.8732,3.7364,3.4058,0.4198,0.4198,23360.0,9214.8803,8214.0794,549193.6,216641.8359,0
301123.SZ,20250210,22.95,9.1064,10.216,0.7,2502.3439,669.0821,1.8286,3.6474,3.3247,0.4301,0.4301,23360.0,9214.8803,8214.0794,536112.0,211481.5029,0
301123.SZ,20250207,22.73,12.6514,14.1928,0.86,2478.3562,662.6682,1.8111,3.6124,3.2928,0.4342,0.4342,23360.0,9214.8803,8214.0794,530972.8,209454.2292,0
301123.SZ,20250206,22.74,10.8346,12.1547,0.65,2479.4466,662.9597,1.8119,3.614,3.2943,0.434,0.434,23360.0,9214.8803,8214.0794,531206.4,209546.378,0
301123.SZ,20250205,22.23,11.0882,12.4391,0.56,2423.839,648.0912,1.7712,3.533,3.2204,0.444,0.444,23360.0,9214.8803,8214.0794,519292.8,204846.7891,0
301123.SZ,20250127,21.45,15.8025,17.7279,0.66,2338.792,625.3512,1.7091,3.409,3.1074,0.4601,0.4601,23360.0,9214.8803,8214.0794,501072.0,197659.1824,0
301123.SZ,20250124,24.12,17.4107,17.4107,0.56,2629.9143,703.1921,1.9218,3.8333,3.4942,0.4092,0.4092,23360.0,7641.6213,7641.6213,563443.2,184315.9058,0
301123.SZ,20250123,23.8,25.5384,25.5384,0.91,2595.0233,693.8629,1.8963,3.7825,3.4478,0.4147,0.4147,23360.0,7641.6213,7641.6213,555968.0,181870.5869,0
301123.SZ,20250122,24.8,25.7374,25.7374,1.03,2704.0579,723.0168,1.976,3.9414,3.5927,0.398,0.398,23360.0,7641.6213,7641.6213,579328.0,189512.2082,0
301123.SZ,20250121,24.92,30.8363,30.8363,1.46,2717.142,726.5152,1.9856,3.9605,3.6101,0.3961,0.3961,23360.0,7641.6213,7641.6213,582131.2,190429.2028,0
301123.SZ,20250120,25.67,45.7347,45.7347,3.23,2798.9179,748.3807,2.0453,4.0797,3.7187,0.3845,0.3845,23360.0,7641.6213,7641.6213,599651.2,196160.4188,0
301123.SZ,20250117,25.76,27.1534,27.1534,2.24,2808.7311,751.0045,2.0525,4.094,3.7318,0.3832,0.3832,23360.0,7641.6213,7641.6213,601753.6,196848.1647,1
301123.SZ,20250116,21.47,11.5507,11.5507,0.84,2340.9727,625.9343,1.7107,3.4122,3.1103,0.4597,0.4597,23360.0,7641.6213,7641.6213,501539.2,164065.6093,0
301123.SZ,20250115,22.14,9.2991,9.2991,0.57,2414.0258,645.4674,1.7641,3.5187,3.2074,0.4458,0.4458,23360.0,7641.6213,7641.6213,517190.4,169185.4956,0
301123.SZ,20250114,22.45,11.9836,11.9836,0.65,2447.8266,654.5051,1.7888,3.5679,3.2523,0.4396,0.4396,23360.0,7641.6213,7641.6213,524432.0,171554.3982,0
301123.SZ,20250113,21.2,10.8512,10.8512,0.53,2311.5333,618.0627,1.6892,3.3693,3.0712,0.4656,0.4656,23360.0,7641.6213,7641.6213,495232.0,162002.3716,0
301123.SZ,20250110,21.93,17.0609,17.0609,0.81,2391.1286,639.3451,1.7473,3.4853,3.1769,0.4501,0.4501,23360.0,7641.6213,7641.6213,512284.8,167580.7551,0
301123.SZ,20250109,23.39,19.5061,19.5061,1.04,2550.3191,681.9098,1.8637,3.7173,3.3884,0.422,0.422,23360.0,7641.6213,7641.6213,546390.4,178737.5222,0
301123.SZ,20250108,23.89,22.7615,22.7615,1.4,2604.8364,696.4867,1.9035,3.7968,3.4609,0.4131,0.4131,23360.0,7641.6213,7641.6213,558070.4,182558.3329,0
301123.SZ,20250107,23.55,21.6166,21.6166,1.52,2567.7646,686.5744,1.8764,3.7428,3.4116,0.4191,0.4191,23360.0,7641.6213,7641.6213,550128.0,179960.1816,0
301123.SZ,20250106,22.32,20.8596,20.8596,1.53,2433.6521,650.7151,1.7784,3.5473,3.2334,0.4422,0.4422,23360.0,7641.6213,7641.6213,521395.2,170560.9874,0
301123.SZ,20250103,21.65,20.6797,20.6797,1.48,2360.5989,631.182,1.725,3.4408,3.1364,0.4559,0.4559,23360.0,7641.6213,7641.6213,505744.0,165441.1011,0
301123.SZ,20250102,20.19,8.2321,8.2321,0.57,2201.4084,588.6173,1.6087,3.2088,2.9249,0.4889,0.4889,23360.0,7641.6213,7641.6213,471638.4,154284.334,0
