ts_code,trade_date,close,turnover_rate,turnover_rate_f,volume_ratio,pe,pe_ttm,pb,ps,ps_ttm,dv_ratio,dv_ttm,total_share,float_share,free_share,total_mv,circ_mv,limit_status
002379.SZ,20251230,23.9,1.4653,1.9024,1.22,,,15.1713,7.7905,9.1956,0.0,,113637.3753,113637.3753,87527.7148,2715933.2697,2715933.2697,0
002379.SZ,20251229,23.24,1.1622,1.5089,0.88,,,14.7524,7.5753,8.9417,0.0,,113637.3753,113637.3753,87527.7148,2640932.602,2640932.602,0
002379.SZ,20251226,23.85,1.8237,2.3677,1.46,,,15.1396,7.7742,9.1764,0.0,,113637.3753,113637.3753,87527.7148,2710251.4009,2710251.4009,0
002379.SZ,20251225,22.68,0.8559,1.1112,0.7,,,14.3969,7.3928,8.7262,0.0,,113637.3753,113637.3753,87527.7148,2577295.6718,2577295.6718,0
002379.SZ,20251224,23.15,1.2895,1.6741,1.04,,,14.6952,7.546,8.9071,0.0,,113637.3753,113637.3753,87527.7148,2630705.2382,2630705.2382,0
002379.SZ,20251223,22.83,0.8939,1.1606,0.66,,,14.4921,7.4417,8.784,0.0,,113637.3753,113637.3753,87527.7148,2594341.2781,2594341.2781,0
002379.SZ,20251222,22.88,1.7466,2.2677,,,,14.5238,7.458,8.8032,0.0,,113637.3753,113637.3753,87527.7148,2600023.1469,2600023.1469,0
002379.SZ,20251219,23.0,1.4732,1.9127,1.09,,,14.6,7.4971,8.8494,0.0,,113637.3753,113637.3753,87527.7148,2613659.6319,2613659.6319,0
002379.SZ,20251218,22.28,0.7246,0.9408,0.42,,,14.143,7.2624,8.5723,0.0,,113637.3753,113637.3753,87527.7148,2531840.7217,2531840.7217,0
002379.SZ,20251217,22.49,1.353,1.7566,0.77,,,14.2763,7.3309,8.6531,0.0,,113637.3753,113637.3753,87527.7148,2555704.5705,2555704.5705,0
002379.SZ,20251216,22.3,1.509,1.9592,0.74,,,14.1557,7.2689,8.58,0.0,,113637.3753,113637.3753,87527.7148,2534113.4692,2534113.4692,0
002379.SZ,20251215,22.6,1.6206,2.104,0.72,,,14.3461,7.3667,8.6955,0.0,,113637.3753,113637.3753,87527.7148,2568204.6818,2568204.6818,0
002379.SZ,20251212,23.07,1.5568,2.0212,0.63,,,14.6445,7.5199,8.8763,0.0,,113637.3753,113637.3753,87527.7148,2621614.2482,2621614.2482,0
002379.SZ,20251211,23.36,2.5201,3.2719,1.05,,,14.8285,7.6145,8.9879,0.0,,113637.3753,113637.3753,87527.7148,2654569.087,2654569.087,0
002379.SZ,20251210,23.4,1.6303,2.1167,0.65,,,14.8539,7.6275,9.0033,0.0,,113637.3753,113637.3753,87527.7148,2659114.582,2659114.582,0
002379.SZ,20251209,22.74,2.8314,3.676,1.34,,,14.435,7.4124,8.7493,0.0,,113637.3753,113637.3753,87527.7148,2584113.9143,2584113.9143,0
002379.SZ,20251208,23.8,2.7315,3.5463,,,,15.1078,7.7579,9.1572,0.0,,113637.3753,113637.3753,87527.7148,2704569.5321,2704569.5321,0
002379.SZ,20251205,24.49,2.573,3.3405,,,,15.5458,7.9828,9.4226,0.0,,113637.3753,113637.3753,87527.7148,2782979.3211,2782979.3211,0
002379.SZ,20251204,22.36,2.2279,2.8924,,,,14.1938,7.2885,8.6031,0.0,,113637.3753,113637.3753,87527.7148,2540931.7117,2540931.7117,0
002379.SZ,20251203,21.92,2.1103,2.7398,,,,13.9145,7.1451,8.4338,0.0,,113637.3753,113637.3753,87527.7148,2490931.2666,2490931.2666,0
002379.SZ,20251202,20.52,0.9497,1.233,0.67,,,13.0258,6.6887,7.8952,0.0,,113637.3753,113637.3753,87527.7148,2331838.9412,2331838.9412,0
002379.SZ,20251201,20.39,1.6966,2.2027,1.28,,,12.9432,6.6464,7.8452,0.0,,113637.3753,113637.3753,87527.7148,2317066.0824,2317066.0824,0
002379.SZ,20251128,20.16,1.6281,2.1137,1.16,,,12.7972,6.5714,7.7567,0.0,,113637.3753,113637.3753,87527.7148,2290929.486,2290929.486,0
002379.SZ,20251127,20.6,1.276,1.6566,0.9,,,13.0765,6.7148,7.926,0.0,,113637.3753,113637.3753,87527.7148,2340929.9312,2340929.9312,0
002379.SZ,20251126,19.72,1.2123,1.5739,0.74,,,12.5179,6.428,7.5874,0.0,,113637.3753,113637.3753,87527.7148,2240929.0409,2240929.0409,0
002379.SZ,20251125,20.31,1.2616,1.638,0.63,,,12.8925,6.6203,7.8144,0.0,,113637.3753,113637.3753,87527.7148,2307975.0923,2307975.0923,0
002379.SZ,20251124,19.51,1.2541,1.6282,0.6,,,12.3846,6.3595,7.5066,0.0,,113637.3753,113637.3753,87527.7148,2217065.1921,2217065.1921,0
002379.SZ,20251121,19.34,1.9981,2.5942,1.03,,,12.2767,6.3041,7.4412,0.0,,113637.3753,113637.3753,87527.7148,2197746.8383,2197746.8383,0
002379.SZ,20251120,20.3,1.4001,1.8178,0.65,,,12.8861,6.617,7.8105,0.0,,113637.3753,113637.3753,87527.7148,2306838.7186,2306838.7186,0
002379.SZ,20251119,20.27,2.2511,2.9226,1.05,,,12.8671,6.6072,7.799,0.0,,113637.3753,113637.3753,87527.7148,2303429.5973,2303429.5973,0
002379.SZ,20251118,20.46,3.1019,4.0272,1.56,,,12.9877,6.6692,7.8721,0.0,,113637.3753,113637.3753,87527.7148,2325020.6986,2325020.6986,0
002379.SZ,20251117,21.67,1.6951,2.2007,0.89,,,13.7558,7.0636,8.3376,0.0,,113637.3753,113637.3753,87527.7148,2462521.9228,2462521.9228,0
002379.SZ,20251114,22.54,1.2557,1.6303,0.66,,,14.308,7.3472,8.6724,0.0,,113637.3753,113637.3753,87527.7148,2561386.4393,2561386.4393,0
002379.SZ,20251113,23.11,2.5145,3.2646,1.36,,,14.6698,7.533,8.8917,0.0,,113637.3753,113637.3753,87527.7148,2626159.7432,2626159.7432,0
002379.SZ,20251112,22.99,2.1554,2.7984,1.31,,,14.5937,7.4939,8.8455,0.0,,113637.3753,113637.3753,87527.7148,2612523.2581,2612523.2581,0
002379.SZ,20251111,21.88,2.2905,2.9737,1.57,,,13.8891,7.132,8.4184,0.0,,113637.3753,113637.3753,87527.7148,2486385.7716,2486385.7716,0
002379.SZ,20251110,21.76,1.2642,1.6414,0.87,,,13.8129,7.0929,8.3723,0.0,,113637.3753,113637.3753,87527.7148,2472749.2865,2472749.2865,0
002379.SZ,20251107,21.9,1.3301,1.7268,0.89,,,13.9018,7.1386,8.4261,0.0,,113637.3753,113637.3753,87527.7148,2488658.5191,2488658.5191,0
002379.SZ,20251106,21.51,2.1853,2.8371,1.59,,,13.6542,7.0114,8.2761,0.0,,113637.3753,113637.3753,87527.7148,2444339.9427,2444339.9427,0
002379.SZ,20251105,20.2,1.128,1.4644,0.65,,,12.8226,6.5844,7.7721,0.0,,113637.3753,113637.3753,87527.7148,2295474.9811,2295474.9811,0
002379.SZ,20251104,20.15,1.4028,1.8213,0.8,,,12.7909,6.5681,7.7528,0.0,,113637.3753,113637.3753,87527.7148,2289793.1123,2289793.1123,0
002379.SZ,20251103,20.84,1.1877,1.542,0.67,,,13.2289,6.793,8.0183,0.0,,113637.3753,113637.3753,87527.7148,2368202.9013,2368202.9013,0
002379.SZ,20251031,20.5,1.5321,1.9891,0.83,,,13.0131,6.6822,7.8875,0.0,,113637.3753,113637.3753,87527.7148,2329566.1937,2329566.1937,0
002379.SZ,20251030,20.6,1.6337,2.121,0.88,,,13.0765,6.7148,7.926,0.0,,113637.3753,113637.3753,87527.7148,2340929.9312,2340929.9312,0
002379.SZ,20251029,20.66,2.9261,3.799,1.95,,,12.7465,6.7344,7.2149,0.0,,113637.3753,113637.3753,87527.7148,2347748.1737,2347748.1737,0
002379.SZ,20251028,19.45,1.5288,1.9849,0.95,,,12.0,6.3399,6.7923,0.0,,113637.3753,113637.3753,87527.7148,2210246.9496,2210246.9496,0
002379.SZ,20251027,20.18,1.2972,1.6842,0.83,,,12.4504,6.5779,7.0473,0.0,,113637.3753,113637.3753,87527.7148,2293202.2336,2293202.2336,0
002379.SZ,20251024,19.76,1.8618,2.4172,1.2,,,12.1913,6.441,6.9006,0.0,,113637.3753,113637.3753,87527.7148,2245474.5359,2245474.5359,0
002379.SZ,20251023,19.76,1.6764,2.1765,1.07,,,12.1913,6.441,6.9006,0.0,,113637.3753,113637.3753,87527.7148,2245474.5359,2245474.5359,0
002379.SZ,20251022,19.18,1.1264,1.4625,0.64,,,11.8334,6.2519,6.6981,0.0,,113637.3753,113637.3753,87527.7148,2179564.8583,2179564.8583,0
002379.SZ,20251021,19.44,2.0827,2.7039,1.12,,,11.9938,6.3367,6.7888,0.0,,113637.3753,113637.3753,87527.7148,2209110.5758,2209110.5758,0
002379.SZ,20251020,18.19,1.044,1.3554,0.46,,,11.2226,5.9292,6.3523,0.0,,113637.3753,113637.3753,87527.7148,2067063.8567,2067063.8567,0
002379.SZ,20251017,18.22,1.8139,2.355,0.75,,,11.2411,5.939,6.3628,0.0,,113637.3753,113637.3753,87527.7148,2070472.978,2070472.978,0
002379.SZ,20251016,18.72,1.7897,2.3235,0.7,,,11.5496,6.102,6.5374,0.0,,113637.3753,113637.3753,87527.7148,2127291.6656,2127291.6656,0
002379.SZ,20251015,18.79,2.1303,2.7658,0.91,,,11.5928,6.1248,6.5619,0.0,,113637.3753,113637.3753,87527.7148,2135246.2819,2135246.2819,0
002379.SZ,20251014,17.77,2.5249,3.278,1.23,,,10.9635,5.7923,6.2056,0.0,,113637.3753,113637.3753,87527.7148,2019336.1591,2019336.1591,0
002379.SZ,20251013,17.38,3.0312,3.9354,1.74,,,10.7229,5.6652,6.0695,0.0,,113637.3753,113637.3753,87527.7148,1975017.5827,1975017.5827,0
002379.SZ,20251010,17.5,2.6779,3.4767,1.91,,,10.7969,5.7043,6.1114,0.0,,113637.3753,113637.3753,87527.7148,1988654.0678,1988654.0678,0
002379.SZ,20251009,17.5,2.4625,3.197,2.19,,,10.7969,5.7043,6.1114,0.0,,113637.3753,113637.3753,87527.7148,1988654.0678,1988654.0678,0
002379.SZ,20250930,17.36,1.01,1.3113,0.89,,,10.7106,5.6587,6.0625,0.0,,113637.3753,113637.3753,87527.7148,1972744.8352,1972744.8352,0
002379.SZ,20250929,17.44,1.0546,1.3692,0.85,,,10.7599,5.6848,6.0904,0.0,,113637.3753,113637.3753,87527.7148,1981835.8252,1981835.8252,0
002379.SZ,20250926,17.1,1.4887,1.9328,1.16,,,10.5501,5.5739,5.9717,0.0,,113637.3753,113637.3753,87527.7148,1943199.1176,1943199.1176,0
002379.SZ,20250925,16.74,0.9836,1.2771,0.67,,,10.328,5.4566,5.846,0.0,,113637.3753,113637.3753,87527.7148,1902289.6625,1902289.6625,0
002379.SZ,20250924,16.96,1.0762,1.3972,0.68,,,10.4638,5.5283,5.9228,0.0,,113637.3753,113637.3753,87527.7148,1927289.8851,1927289.8851,0
002379.SZ,20250923,16.94,1.0767,1.3978,0.61,,,10.4514,5.5218,5.9158,0.0,,113637.3753,113637.3753,87527.7148,1925017.1376,1925017.1376,0
002379.SZ,20250922,17.17,1.6051,2.0839,0.88,,,10.5933,5.5968,5.9961,0.0,,113637.3753,113637.3753,87527.7148,1951153.7339,1951153.7339,0
002379.SZ,20250919,17.33,1.702,2.2097,0.85,,,10.692,5.6489,6.052,0.0,,113637.3753,113637.3753,87527.7148,1969335.7139,1969335.7139,0
002379.SZ,20250918,16.51,1.9285,2.5038,0.87,,,10.1861,5.3816,5.7656,0.0,,113637.3753,113637.3753,87527.7148,1876153.0662,1876153.0662,0
002379.SZ,20250917,17.0,1.6203,2.1036,0.74,,,10.4884,5.5413,5.9367,0.0,,113637.3753,113637.3753,87527.7148,1931835.3801,1931835.3801,0
002379.SZ,20250916,17.4,2.0395,2.6479,0.98,,,10.7352,5.6717,6.0764,0.0,,113637.3753,113637.3753,87527.7148,1977290.3302,1977290.3302,0
002379.SZ,20250915,17.55,1.818,2.3603,0.94,,,10.8278,5.7206,6.1288,0.0,,113637.3753,113637.3753,87527.7148,1994335.9365,1994335.9365,0
002379.SZ,20250912,18.21,2.6305,3.4152,1.43,,,11.235,5.9358,6.3593,0.0,,113637.3753,113637.3753,87527.7148,2069336.6042,2069336.6042,0
002379.SZ,20250911,17.24,2.9583,3.8408,1.49,,,10.6365,5.6196,6.0206,0.0,,113637.3753,113637.3753,87527.7148,1959108.3502,1959108.3502,0
002379.SZ,20250910,16.72,1.4346,1.8625,0.7,,,10.3157,5.4501,5.839,0.0,,113637.3753,113637.3753,87527.7148,1900016.915,1900016.915,0
002379.SZ,20250909,16.45,1.5352,1.9932,0.71,,,10.1491,5.3621,5.7447,0.0,,113637.3753,113637.3753,87527.7148,1869334.8237,1869334.8237,0
002379.SZ,20250908,16.9,1.1211,1.4555,0.51,,,10.4267,5.5087,5.9018,0.0,,113637.3753,113637.3753,87527.7148,1920471.6426,1920471.6426,0
002379.SZ,20250905,17.03,2.1496,2.7909,0.95,,,10.507,5.5511,5.9472,0.0,,113637.3753,113637.3753,87527.7148,1935244.5014,1935244.5014,0
002379.SZ,20250904,16.71,3.6733,4.769,1.98,,,10.3095,5.4468,5.8355,0.0,,113637.3753,113637.3753,87527.7148,1898880.5413,1898880.5413,0
002379.SZ,20250903,17.76,1.6969,2.2031,0.82,,,10.9573,5.7891,6.2022,0.0,,113637.3753,113637.3753,87527.7148,2018199.7853,2018199.7853,0
002379.SZ,20250902,18.1,2.1257,2.7598,1.08,,,11.1671,5.8999,6.3209,0.0,,113637.3753,113637.3753,87527.7148,2056836.4929,2056836.4929,0
002379.SZ,20250901,18.25,1.2627,1.6393,0.59,,,11.2597,5.9488,6.3733,0.0,,113637.3753,113637.3753,87527.7148,2073882.0992,2073882.0992,0
002379.SZ,20250829,18.43,2.6076,3.3854,1.37,,,11.3707,6.0075,6.4361,0.0,,113637.3753,113637.3753,87527.7148,2094336.8268,2094336.8268,0
002379.SZ,20250828,17.38,1.5731,2.0423,0.76,,,10.7229,5.6652,6.0695,0.0,,113637.3753,113637.3753,87527.7148,1975017.5827,1975017.5827,0
002379.SZ,20250827,17.2,2.7398,3.5571,1.4,,,10.6118,5.6065,6.0066,0.0,,113637.3753,113637.3753,87527.7148,1954562.8552,1954562.8552,0
002379.SZ,20250826,17.01,1.6842,2.1866,0.86,,,10.4946,5.5446,5.9402,0.0,,113637.3753,113637.3753,87527.7148,1932971.7539,1932971.7539,0
002379.SZ,20250825,16.62,2.1712,2.8189,1.07,,,10.254,5.4175,5.804,0.0,,113637.3753,113637.3753,87527.7148,1888653.1775,1888653.1775,0
002379.SZ,20250822,16.71,1.3274,1.7233,0.64,,,10.3095,5.4468,5.8355,0.0,,113637.3753,113637.3753,87527.7148,1898880.5413,1898880.5413,0
002379.SZ,20250821,16.45,2.3738,3.0819,1.31,,,10.1491,5.3621,5.7447,0.0,,113637.3753,113637.3753,87527.7148,1869334.8237,1869334.8237,0
002379.SZ,20250820,16.03,2.2199,2.8821,1.29,,,9.89,5.2252,5.598,0.0,,113637.3753,113637.3753,87527.7148,1821607.1261,1821607.1261,0
002379.SZ,20250819,15.32,1.7459,2.2667,1.05,,,9.4519,4.9937,5.3501,0.0,,113637.3753,113637.3753,87527.7148,1740924.5896,1740924.5896,0
002379.SZ,20250818,15.2,2.5081,3.2563,1.61,,,9.3779,4.9546,5.3082,0.0,,113637.3753,113637.3753,87527.7148,1727288.1046,1727288.1046,0
002379.SZ,20250815,15.56,1.5965,2.0727,0.99,,,9.6,5.072,5.4339,0.0,,113637.3753,113637.3753,87527.7148,1768197.5597,1768197.5597,0
002379.SZ,20250814,15.51,0.9559,1.241,0.52,,,9.2569,5.0557,5.113,0.0,,113637.3753,113637.3753,87527.7148,1762515.6909,1762515.6909,0
002379.SZ,20250813,15.86,1.8286,2.3741,0.86,,,9.4658,5.1697,5.2284,0.0,,113637.3753,113637.3753,87527.7148,1802288.7723,1802288.7723,0
002379.SZ,20250812,15.42,1.3941,1.81,0.68,,,9.2032,5.0263,5.0834,0.0,,113637.3753,113637.3753,87527.7148,1752288.3271,1752288.3271,0
002379.SZ,20250811,15.5,2.0329,2.6393,1.08,,,9.2509,5.0524,5.1097,0.0,,113637.3753,113637.3753,87527.7148,1761379.3172,1761379.3172,0
002379.SZ,20250808,15.85,1.8751,2.4344,1.04,,,9.4598,5.1665,5.2251,0.0,,113637.3753,113637.3753,87527.7148,1801152.3985,1801152.3985,0
002379.SZ,20250807,15.67,2.0994,2.7256,1.24,,,9.3524,5.1078,5.1658,0.0,,113637.3753,113637.3753,87527.7148,1780697.671,1780697.671,0
002379.SZ,20250806,15.39,3.2429,4.2103,2.53,,,9.1853,5.0165,5.0735,0.0,,113637.3753,113637.3753,87527.7148,1748879.2059,1748879.2059,0
002379.SZ,20250805,15.12,1.0059,1.306,0.71,,,9.0241,4.9285,4.9845,0.0,,113637.3753,113637.3753,87527.7148,1718197.1145,1718197.1145,0
002379.SZ,20250804,14.85,1.1944,1.5507,0.74,,,8.863,4.8405,4.8955,0.0,,113637.3753,113637.3753,87527.7148,1687515.0232,1687515.0232,0
002379.SZ,20250801,14.53,1.5017,1.9496,0.83,,,8.672,4.7362,4.79,0.0,,113637.3753,113637.3753,87527.7148,1651151.0631,1651151.0631,0
002379.SZ,20250731,14.85,1.5152,1.9672,0.79,,,8.863,4.8405,4.8955,0.0,,113637.3753,113637.3753,87527.7148,1687515.0232,1687515.0232,0
002379.SZ,20250730,15.19,1.1956,1.5522,0.56,,,9.0659,4.9514,5.0075,0.0,,113637.3753,113637.3753,87527.7148,1726151.7308,1726151.7308,0
002379.SZ,20250729,15.64,1.7091,2.219,0.73,,,9.3345,5.098,5.1559,0.0,,113637.3753,113637.3753,87527.7148,1777288.5497,1777288.5497,0
002379.SZ,20250728,15.54,2.1433,2.7827,0.9,,,9.2748,5.0654,5.1229,0.0,,113637.3753,113637.3753,87527.7148,1765924.8122,1765924.8122,0
002379.SZ,20250725,15.63,2.4408,3.1689,1.05,,,9.3285,5.0948,5.1526,0.0,,113637.3753,113637.3753,87527.7148,1776152.1759,1776152.1759,0
002379.SZ,20250724,14.93,2.105,2.733,0.94,,,8.9107,4.8666,4.9218,0.0,,113637.3753,113637.3753,87527.7148,1696606.0132,1696606.0132,0
002379.SZ,20250723,14.59,2.3293,3.0241,1.12,,,8.7078,4.7558,4.8097,0.0,,113637.3753,113637.3753,87527.7148,1657969.3056,1657969.3056,0
002379.SZ,20250722,14.15,2.6721,3.4692,1.53,,,8.4452,4.6124,4.6647,0.0,,113637.3753,113637.3753,87527.7148,1607968.8605,1607968.8605,0
002379.SZ,20250721,14.46,2.3686,3.0752,1.61,,,8.6302,4.7134,4.7669,0.0,,113637.3753,113637.3753,87527.7148,1643196.4468,1643196.4468,0
002379.SZ,20250718,14.38,2.1908,2.8444,1.75,,,8.5825,4.6873,4.7405,0.0,,113637.3753,113637.3753,87527.7148,1634105.4568,1634105.4568,0
002379.SZ,20250717,13.78,1.6407,2.1301,1.41,,,8.2244,4.4917,4.5427,0.0,,113637.3753,113637.3753,87527.7148,1565923.0316,1565923.0316,0
002379.SZ,20250716,13.36,1.5305,1.987,1.4,,,7.9737,4.3548,4.4043,0.0,,113637.3753,113637.3753,87527.7148,1518195.334,1518195.334,0
002379.SZ,20250715,13.3,1.0276,1.3341,0.85,,,7.9379,4.3353,4.3845,0.0,,113637.3753,113637.3753,87527.7148,1511377.0915,1511377.0915,0
002379.SZ,20250714,13.3,0.9891,1.2842,0.7,,,7.9379,4.3353,4.3845,0.0,,113637.3753,113637.3753,87527.7148,1511377.0915,1511377.0915,0
002379.SZ,20250711,13.14,1.082,1.4048,0.73,,,7.8424,4.2831,4.3317,0.0,,113637.3753,113637.3753,87527.7148,1493195.1114,1493195.1114,0
002379.SZ,20250710,13.05,1.1822,1.5349,0.74,,,7.7887,4.2538,4.3021,0.0,,113637.3753,113637.3753,87527.7148,1482967.7477,1482967.7477,0
002379.SZ,20250709,12.86,1.1745,1.5248,0.69,,,7.6753,4.1919,4.2394,0.0,,113637.3753,113637.3753,87527.7148,1461376.6464,1461376.6464,0
002379.SZ,20250708,12.97,1.6179,2.1006,0.9,,,7.7409,4.2277,4.2757,0.0,,113637.3753,113637.3753,87527.7148,1473876.7576,1473876.7576,0
002379.SZ,20250707,12.91,2.0274,2.6321,1.06,,,7.7051,4.2082,4.2559,0.0,,113637.3753,113637.3753,87527.7148,1467058.5151,1467058.5151,0
002379.SZ,20250704,13.3,1.438,1.867,0.6,,,7.9379,4.3353,4.3845,0.0,,113637.3753,113637.3753,87527.7148,1511377.0915,1511377.0915,0
002379.SZ,20250703,13.27,1.7535,2.2765,0.57,,,7.92,4.3255,4.3746,0.0,,113637.3753,113637.3753,87527.7148,1507967.9702,1507967.9702,0
002379.SZ,20250702,13.52,1.6947,2.2003,0.55,,,8.0692,4.407,4.457,0.0,,113637.3753,113637.3753,87527.7148,1536377.3141,1536377.3141,0
002379.SZ,20250701,13.52,2.1186,2.7505,0.54,,,8.0692,4.407,4.457,0.0,,113637.3753,113637.3753,87527.7148,1536377.3141,1536377.3141,0
002379.SZ,20250630,13.28,2.5151,3.2654,0.68,,,7.926,4.3288,4.3779,0.0,,113637.3753,113637.3753,87527.7148,1509104.344,1509104.344,0
002379.SZ,20250627,13.49,3.8376,4.9824,1.19,,,8.0513,4.3972,4.4471,0.0,,113637.3753,113637.3753,87527.7148,1532968.1928,1532968.1928,0
002379.SZ,20250626,13.3,5.0865,6.6037,2.04,,,7.9379,4.3353,4.3845,0.0,,113637.3753,113637.3753,87527.7148,1511377.0915,1511377.0915,0
002379.SZ,20250625,12.3,1.8515,2.4039,0.77,,,7.3411,4.0093,4.0548,0.0,,113637.3753,113637.3753,87527.7148,1397739.7162,1397739.7162,0
002379.SZ,20250624,12.34,6.2212,8.077,4.29,,,7.3649,4.0224,4.068,0.0,,113637.3753,113637.3753,87527.7148,1402285.2112,1402285.2112,0
002379.SZ,20250623,11.37,1.5233,1.9777,0.98,,,6.786,3.7062,3.7482,0.0,,113637.3753,113637.3753,87527.7148,1292056.9572,1292056.9572,0
002379.SZ,20250620,11.1,1.4808,1.9226,0.86,,,6.6249,3.6182,3.6592,0.0,,113637.3753,113637.3753,87527.7148,1261374.8658,1261374.8658,0
002379.SZ,20250619,11.13,1.3841,1.7969,0.7,,,6.6428,3.6279,3.6691,0.0,,113637.3753,113637.3753,87527.7148,1264783.9871,1264783.9871,0
002379.SZ,20250618,11.55,1.4321,1.8592,0.63,,,6.8934,3.7649,3.8076,0.0,,113637.3753,113637.3753,87527.7148,1312511.6847,1312511.6847,0
002379.SZ,20250617,11.54,1.4304,1.8571,0.59,,,6.8875,3.7616,3.8043,0.0,,113637.3753,113637.3753,87527.7148,1311375.311,1311375.311,0
002379.SZ,20250616,11.67,2.0762,2.6955,0.87,,,6.9651,3.804,3.8471,0.0,,113637.3753,113637.3753,87527.7148,1326148.1698,1326148.1698,0
002379.SZ,20250613,11.41,2.2478,2.9183,0.95,,,6.8099,3.7192,3.7614,0.0,,113637.3753,113637.3753,87527.7148,1296602.4522,1296602.4522,0
002379.SZ,20250612,11.75,2.7347,3.5505,1.14,,,7.0128,3.83,3.8735,0.0,,113637.3753,113637.3753,87527.7148,1335239.1598,1335239.1598,0
002379.SZ,20250611,11.56,2.9601,3.8431,1.34,,,6.8994,3.7681,3.8109,0.0,,113637.3753,113637.3753,87527.7148,1313648.0585,1313648.0585,0
002379.SZ,20250610,11.2,2.0661,2.6824,0.98,,,6.6845,3.6508,3.6922,0.0,,113637.3753,113637.3753,87527.7148,1272738.6034,1272738.6034,0
002379.SZ,20250609,11.14,1.869,2.4265,0.92,,,6.6487,3.6312,3.6724,0.0,,113637.3753,113637.3753,87527.7148,1265920.3608,1265920.3608,0
002379.SZ,20250606,11.22,2.2123,2.8722,1.18,,,6.6965,3.6573,3.6988,0.0,,113637.3753,113637.3753,87527.7148,1275011.3509,1275011.3509,0
002379.SZ,20250605,10.96,2.9096,3.7775,1.55,,,6.5413,3.5725,3.6131,0.0,,113637.3753,113637.3753,87527.7148,1245465.6333,1245465.6333,0
002379.SZ,20250604,10.43,1.9509,2.5329,0.87,,,6.225,3.3998,3.4384,0.0,,113637.3753,113637.3753,87527.7148,1185237.8244,1185237.8244,0
002379.SZ,20250603,10.28,1.6245,2.1092,0.6,,,6.1355,3.3509,3.3889,0.0,,113637.3753,113637.3753,87527.7148,1168192.2181,1168192.2181,0
002379.SZ,20250530,10.19,1.5059,1.9551,0.35,,,6.0817,3.3215,3.3592,0.0,,113637.3753,113637.3753,87527.7148,1157964.8543,1157964.8543,0
002379.SZ,20250529,10.39,1.4083,1.8284,0.3,,,6.2011,3.3867,3.4252,0.0,,113637.3753,113637.3753,87527.7148,1180692.3294,1180692.3294,0
002379.SZ,20250528,10.45,2.8805,3.7398,0.6,,,6.2369,3.4063,3.4449,0.0,,113637.3753,113637.3753,87527.7148,1187510.5719,1187510.5719,0
002379.SZ,20250527,10.39,3.8049,4.9399,0.87,,,6.2011,3.3867,3.4252,0.0,,113637.3753,113637.3753,87527.7148,1180692.3294,1180692.3294,0
002379.SZ,20250526,10.86,3.9867,5.176,0.96,,,6.4816,3.5399,3.5801,0.0,,113637.3753,113637.3753,87527.7148,1234101.8958,1234101.8958,0
002379.SZ,20250523,10.8,9.5027,12.3373,3.72,,,6.4458,3.5204,3.5603,0.0,,113637.3753,113637.3753,87527.7148,1227283.6532,1227283.6532,0
002379.SZ,20250522,11.92,3.6316,4.7149,1.47,,,7.1143,3.8855,3.9295,0.0,,113637.3753,113637.3753,87527.7148,1354557.5136,1354557.5136,0
002379.SZ,20250521,11.38,2.9511,3.8314,1.28,,,6.792,3.7094,3.7515,0.0,,113637.3753,113637.3753,87527.7148,1293193.3309,1293193.3309,0
002379.SZ,20250520,11.18,1.7796,2.3105,0.74,,,6.6726,3.6442,3.6856,0.0,,113637.3753,113637.3753,87527.7148,1270465.8559,1270465.8559,0
002379.SZ,20250519,11.22,2.8921,3.7548,1.21,,,6.6965,3.6573,3.6988,0.0,,113637.3753,113637.3753,87527.7148,1275011.3509,1275011.3509,0
002379.SZ,20250516,10.9,1.5254,1.9805,0.6,,,6.5055,3.553,3.5933,0.0,,113637.3753,113637.3753,87527.7148,1238647.3908,1238647.3908,0
002379.SZ,20250515,10.83,3.1992,4.1535,1.3,,,6.4637,3.5302,3.5702,0.0,,113637.3753,113637.3753,87527.7148,1230692.7745,1230692.7745,0
002379.SZ,20250514,10.22,2.1549,2.7977,0.85,,,6.0997,3.3313,3.3691,0.0,,113637.3753,113637.3753,87527.7148,1161373.9756,1161373.9756,0
002379.SZ,20250513,10.3,2.2447,2.9143,0.92,,,6.1474,3.3574,3.3955,0.0,,113637.3753,113637.3753,87527.7148,1170464.9656,1170464.9656,0
002379.SZ,20250512,10.14,2.8494,3.6994,1.23,,,6.0519,3.3052,3.3428,0.0,,113637.3753,113637.3753,87527.7148,1152282.9855,1152282.9855,0
002379.SZ,20250509,9.73,2.2942,2.9786,1.07,,,5.8072,3.1716,3.2076,0.0,,113637.3753,113637.3753,87527.7148,1105691.6617,1105691.6617,0
002379.SZ,20250508,9.91,2.7686,3.5944,1.47,,,5.9146,3.2303,3.2669,0.0,,113637.3753,113637.3753,87527.7148,1126146.3892,1126146.3892,0
002379.SZ,20250507,9.81,2.4603,3.1943,1.26,,,5.8549,3.1977,3.234,0.0,,113637.3753,113637.3753,87527.7148,1114782.6517,1114782.6517,0
002379.SZ,20250506,9.84,1.872,2.4304,1.07,,,5.8729,3.2075,3.2439,0.0,,113637.3753,113637.3753,87527.7148,1118191.773,1118191.773,0
002379.SZ,20250430,9.81,2.146,2.7861,1.22,,,5.8549,3.1977,3.234,0.0,,113637.3753,113637.3753,87527.7148,1114782.6517,1114782.6517,0
002379.SZ,20250429,9.61,1.4566,1.8912,0.85,,,5.5722,3.1325,3.1325,0.0,,113637.3753,113637.3753,87527.7148,1092055.1766,1092055.1766,0
002379.SZ,20250428,9.62,1.4986,1.9456,0.86,,,5.578,3.1357,3.1357,0.0,,113637.3753,113637.3753,87527.7148,1093191.5504,1093191.5504,0
002379.SZ,20250425,9.59,2.8099,3.6481,1.67,,,5.5606,3.126,3.126,0.0,,113637.3753,113637.3753,87527.7148,1089782.4291,1089782.4291,0
002379.SZ,20250424,9.05,0.8542,1.109,0.42,,,5.2475,2.9499,2.9499,0.0,,113637.3753,113637.3753,87527.7148,1028418.2465,1028418.2465,0
002379.SZ,20250423,9.13,2.1434,2.7828,1.05,,,5.2939,2.976,2.976,0.0,,113637.3753,113637.3753,87527.7148,1037509.2365,1037509.2365,0
002379.SZ,20250422,9.07,1.2669,1.6448,0.62,,,5.2591,2.9565,2.9565,0.0,,113637.3753,113637.3753,87527.7148,1030690.994,1030690.994,0
002379.SZ,20250421,9.2,1.593,2.0681,0.71,,,5.3345,2.9988,2.9988,0.0,,113637.3753,113637.3753,87527.7148,1045463.8528,1045463.8528,0
002379.SZ,20250418,9.17,2.5563,3.3188,1.09,,,5.3171,2.9891,2.9891,0.0,,113637.3753,113637.3753,87527.7148,1042054.7315,1042054.7315,0
002379.SZ,20250417,8.83,2.565,3.3302,1.02,,,5.1199,2.8782,2.8782,0.0,,113637.3753,113637.3753,87527.7148,1003418.0239,1003418.0239,0
002379.SZ,20250416,8.88,2.1955,2.8504,0.76,,,5.1489,2.8945,2.8945,0.0,,113637.3753,113637.3753,87527.7148,1009099.8927,1009099.8927,0
002379.SZ,20250415,9.32,1.3011,1.6892,0.4,,,5.404,3.038,3.038,0.0,,113637.3753,113637.3753,87527.7148,1059100.3378,1059100.3378,0
002379.SZ,20250414,9.28,2.6766,3.475,0.86,,,5.3808,3.0249,3.0249,0.0,,113637.3753,113637.3753,87527.7148,1054554.8428,1054554.8428,0
002379.SZ,20250411,9.28,2.9576,3.8398,1.0,,,5.3808,3.0249,3.0249,0.0,,113637.3753,113637.3753,87527.7148,1054554.8428,1054554.8428,0
002379.SZ,20250410,9.61,3.431,4.4545,1.4,,,5.5722,3.1325,3.1325,0.0,,113637.3753,113637.3753,87527.7148,1092055.1766,1092055.1766,0
002379.SZ,20250409,9.74,4.1334,5.3664,2.19,,,5.6476,3.1749,3.1749,0.0,,113637.3753,113637.3753,87527.7148,1106828.0354,1106828.0354,0
002379.SZ,20250408,9.1,3.2099,4.1675,1.83,,,5.2765,2.9662,2.9662,0.0,,113637.3753,113637.3753,87527.7148,1034100.1152,1034100.1152,0
002379.SZ,20250407,10.08,1.884,2.446,1.1,,,5.8447,3.2857,3.2857,0.0,,113637.3753,113637.3753,87527.7148,1145464.743,1145464.743,-1
002379.SZ,20250403,11.2,2.1358,2.7729,1.29,,,6.4941,3.6508,3.6508,0.0,,113637.3753,113637.3753,87527.7148,1272738.6034,1272738.6034,0
002379.SZ,20250402,11.52,0.8888,1.1539,0.47,,,6.6797,3.7551,3.7551,0.0,,113637.3753,113637.3753,87527.7148,1309102.5635,1309102.5635,0
002379.SZ,20250401,11.26,1.3295,1.7262,0.66,,,6.5289,3.6703,3.6703,0.0,,113637.3753,113637.3753,87527.7148,1279556.8459,1279556.8459,0
002379.SZ,20250331,11.15,2.5488,3.3091,1.26,,,6.4651,3.6345,3.6345,0.0,,113637.3753,113637.3753,87527.7148,1267056.7346,1267056.7346,0
002379.SZ,20250328,11.48,1.6796,2.1806,0.78,,,6.6565,3.742,3.742,0.0,,113637.3753,113637.3753,87527.7148,1304557.0684,1304557.0684,0
002379.SZ,20250327,11.68,1.8277,2.3728,0.76,,,6.7724,3.8072,3.8072,0.0,,113637.3753,113637.3753,87527.7148,1327284.5435,1327284.5435,0
002379.SZ,20250326,11.35,2.0212,2.6241,0.76,,,6.5811,3.6997,3.6997,0.0,,113637.3753,113637.3753,87527.7148,1289784.2097,1289784.2097,0
002379.SZ,20250325,11.46,1.9854,2.5776,0.67,,,6.6449,3.7355,3.7355,0.0,,113637.3753,113637.3753,87527.7148,1302284.3209,1302284.3209,0
002379.SZ,20250324,11.38,2.5643,3.3292,0.71,,,6.5985,3.7094,3.7094,0.0,,113637.3753,113637.3753,87527.7148,1293193.3309,1293193.3309,0
002379.SZ,20250321,11.6,2.3991,3.1148,0.68,,,6.726,3.7812,3.7812,0.0,,113637.3753,113637.3753,87527.7148,1318193.5535,1318193.5535,0
002379.SZ,20250320,11.63,3.0842,4.0043,0.95,,,6.7434,3.7909,3.7909,0.0,,113637.3753,113637.3753,87527.7148,1321602.6747,1321602.6747,0
002379.SZ,20250319,11.71,3.2822,4.2613,1.09,,,6.7898,3.817,3.817,0.0,,113637.3753,113637.3753,87527.7148,1330693.6648,1330693.6648,0
002379.SZ,20250318,12.05,3.3948,4.4074,1.14,,,6.987,3.9278,3.9278,0.0,,113637.3753,113637.3753,87527.7148,1369330.3724,1369330.3724,0
002379.SZ,20250317,11.81,5.8576,7.6049,2.56,,,6.8478,3.8496,3.8496,0.0,,113637.3753,113637.3753,87527.7148,1342057.4023,1342057.4023,0
002379.SZ,20250314,11.98,2.1093,2.7385,0.87,,,6.9464,3.905,3.905,0.0,,113637.3753,113637.3753,87527.7148,1361375.7561,1361375.7561,0
002379.SZ,20250313,12.06,1.6334,2.1207,0.59,,,6.9294,5.0998,4.2313,0.0,,113637.3753,113637.3753,87527.7148,1370466.7461,1370466.7461,0
002379.SZ,20250312,12.09,2.1205,2.7531,0.59,,,6.9467,5.1125,4.2418,0.0,,113637.3753,113637.3753,87527.7148,1373875.8674,1373875.8674,0
002379.SZ,20250311,11.85,3.1964,4.1499,0.92,,,6.8088,5.011,4.1576,0.0,,113637.3753,113637.3753,87527.7148,1346602.8973,1346602.8973,0
002379.SZ,20250310,12.08,2.3989,3.1144,0.62,,,6.9409,5.1083,4.2383,0.0,,113637.3753,113637.3753,87527.7148,1372739.4936,1372739.4936,0
002379.SZ,20250307,11.95,2.8123,3.6512,0.72,,,6.8662,5.0533,4.1927,0.0,,113637.3753,113637.3753,87527.7148,1357966.6348,1357966.6348,0
002379.SZ,20250306,11.86,3.2937,4.2762,0.92,,,6.8145,5.0153,4.1611,0.0,,113637.3753,113637.3753,87527.7148,1347739.2711,1347739.2711,0
002379.SZ,20250305,11.85,6.1979,8.0468,2.26,,,6.8088,5.011,4.1576,0.0,,113637.3753,113637.3753,87527.7148,1346602.8973,1346602.8973,0
002379.SZ,20250304,10.98,2.6287,3.4129,1.02,,,6.3089,4.6431,3.8524,0.0,,113637.3753,113637.3753,87527.7148,1247738.3808,1247738.3808,0
002379.SZ,20250303,10.65,4.476,5.8113,1.97,,,6.1193,4.5036,3.7366,0.0,,113637.3753,113637.3753,87527.7148,1210238.0469,1210238.0469,0
002379.SZ,20250228,10.13,3.0567,3.9685,1.52,,,5.8205,4.2837,3.5541,0.0,,113637.3753,113637.3753,87527.7148,1151146.6118,1151146.6118,0
002379.SZ,20250227,10.02,1.5451,2.006,0.77,,,5.7573,4.2372,3.5156,0.0,,113637.3753,113637.3753,87527.7148,1138646.5005,1138646.5005,0
002379.SZ,20250226,9.99,2.0038,2.6015,0.97,,,5.7401,4.2245,3.505,0.0,,113637.3753,113637.3753,87527.7148,1135237.3792,1135237.3792,0
002379.SZ,20250225,9.95,1.7884,2.3218,0.85,,,5.7171,4.2076,3.491,0.0,,113637.3753,113637.3753,87527.7148,1130691.8842,1130691.8842,0
002379.SZ,20250224,10.04,2.946,3.8248,1.5,,,5.7688,4.2456,3.5226,0.0,,113637.3753,113637.3753,87527.7148,1140919.248,1140919.248,0
002379.SZ,20250221,9.86,1.794,2.3292,0.93,,,5.6654,4.1695,3.4594,0.0,,113637.3753,113637.3753,87527.7148,1120464.5205,1120464.5205,0
002379.SZ,20250220,9.82,1.5041,1.9528,0.73,,,5.6424,4.1526,3.4454,0.0,,113637.3753,113637.3753,87527.7148,1115919.0254,1115919.0254,0
002379.SZ,20250219,9.76,2.2476,2.918,0.88,,,5.6079,4.1272,3.4243,0.0,,113637.3753,113637.3753,87527.7148,1109100.7829,1109100.7829,0
002379.SZ,20250218,9.33,2.0692,2.6864,0.8,,,5.3608,3.9454,3.2735,0.0,,113637.3753,113637.3753,87527.7148,1060236.7115,1060236.7115,0
002379.SZ,20250217,9.71,2.1794,2.8295,0.76,,,5.5792,4.1061,3.4068,0.0,,113637.3753,113637.3753,87527.7148,1103418.9142,1103418.9142,0
002379.SZ,20250214,9.82,1.6413,2.1309,0.52,,,5.6424,4.1526,3.4454,0.0,,113637.3753,113637.3753,87527.7148,1115919.0254,1115919.0254,0
002379.SZ,20250213,9.94,2.1945,2.8492,0.67,,,5.7113,4.2033,3.4875,0.0,,113637.3753,113637.3753,87527.7148,1129555.5105,1129555.5105,0
002379.SZ,20250212,9.81,4.7013,6.1036,1.46,,,5.6366,4.1484,3.4419,0.0,,113637.3753,113637.3753,87527.7148,1114782.6517,1114782.6517,0
002379.SZ,20250211,10.3,2.1365,2.7738,0.58,,,5.9182,4.3556,3.6138,0.0,,113637.3753,113637.3753,87527.7148,1170464.9656,1170464.9656,0
002379.SZ,20250210,10.29,3.6692,4.7637,1.01,,,5.9124,4.3514,3.6103,0.0,,113637.3753,113637.3753,87527.7148,1169328.5918,1169328.5918,0
002379.SZ,20250207,10.4,3.0953,4.0186,0.9,,,5.9756,4.3979,3.6489,0.0,,113637.3753,113637.3753,87527.7148,1181828.7031,1181828.7031,0
002379.SZ,20250206,10.33,2.6955,3.4995,0.78,,,5.9354,4.3683,3.6243,0.0,,113637.3753,113637.3753,87527.7148,1173874.0868,1173874.0868,0
002379.SZ,20250205,10.3,4.5345,5.8872,1.46,,,5.9182,4.3556,3.6138,0.0,,113637.3753,113637.3753,87527.7148,1170464.9656,1170464.9656,0
002379.SZ,20250127,10.41,4.5604,5.9207,1.38,,,5.9814,4.4021,3.6524,0.0,,113637.3753,113637.3753,87527.7148,1182965.0769,1182965.0769,0
002379.SZ,20250124,10.09,3.238,4.2039,0.85,,,5.7975,4.2668,3.5401,0.0,,113637.3753,113637.3753,87527.7148,1146601.1168,1146601.1168,0
002379.SZ,20250123,9.84,2.2281,2.8927,0.5,,,5.6539,4.1611,3.4524,0.0,,113637.3753,113637.3753,87527.7148,1118191.773,1118191.773,0
002379.SZ,20250122,10.0,2.6282,3.4123,0.54,,,5.7458,4.2287,3.5085,0.0,,113637.3753,113637.3753,87527.7148,1136373.753,1136373.753,0
002379.SZ,20250121,10.14,2.8506,3.7009,0.54,,,5.8262,4.2879,3.5577,0.0,,113637.3753,113637.3753,87527.7148,1152282.9855,1152282.9855,0
002379.SZ,20250120,10.0,5.5316,7.1817,1.01,,,5.7458,4.2287,3.5085,0.0,,113637.3753,113637.3753,87527.7148,1136373.753,1136373.753,0
002379.SZ,20250117,9.94,5.907,7.6691,0.97,,,5.7113,4.2033,3.4875,0.0,,113637.3753,113637.3753,87527.7148,1129555.5105,1129555.5105,0
002379.SZ,20250116,9.94,5.1868,6.734,0.62,,,5.7113,4.2033,3.4875,0.0,,113637.3753,113637.3753,87527.7148,1129555.5105,1129555.5105,0
002379.SZ,20250115,9.44,4.9323,6.4036,0.46,,,5.424,3.9919,3.3121,0.0,,113637.3753,113637.3753,87527.7148,1072736.8228,1072736.8228,0
002379.SZ,20250114,9.7,4.9974,6.4882,0.51,,,5.5734,4.1019,3.4033,0.0,,113637.3753,113637.3753,87527.7148,1102282.5404,1102282.5404,0
002379.SZ,20250113,9.87,6.3229,8.209,0.65,,,5.6711,4.1737,3.4629,0.0,,113637.3753,113637.3753,87527.7148,1121600.8942,1121600.8942,0
002379.SZ,20250110,9.67,8.9576,11.6297,1.05,,,5.5562,4.0892,3.3928,0.0,,113637.3753,113637.3753,87527.7148,1098873.4192,1098873.4192,0
002379.SZ,20250109,10.22,16.5049,21.4284,2.77,,,5.8722,4.3218,3.5857,0.0,,113637.3753,113637.3753,87527.7148,1161373.9756,1161373.9756,0
002379.SZ,20250108,10.86,16.9653,22.0261,5.23,,,6.2399,4.5924,3.8103,0.0,,113637.3753,113637.3753,87527.7148,1234101.8958,1234101.8958,1
002379.SZ,20250107,9.87,0.3978,0.5164,0.1,,,5.6711,4.1737,3.4629,0.0,,113637.3753,113637.3753,87527.7148,1121600.8942,1121600.8942,1
