ts_code,trade_date,close,turnover_rate,turnover_rate_f,volume_ratio,pe,pe_ttm,pb,ps,ps_ttm,dv_ratio,dv_ttm,total_share,float_share,free_share,total_mv,circ_mv,limit_status
002622.SZ,20251230,3.0,2.4025,3.1533,1.17,,,6.9162,2.9249,3.3447,0.0,,84000.0,83997.525,63997.525,252000.0,251992.575,0
002622.SZ,20251229,3.04,2.0552,2.6974,1.02,,,7.0085,2.9639,3.3893,0.0,,84000.0,83997.525,63997.525,255360.0,255352.476,0
002622.SZ,20251226,3.07,2.0425,2.6808,0.95,,,7.0776,2.9931,3.4227,0.0,,84000.0,83997.525,63997.525,257880.0,257872.4018,0
002622.SZ,20251225,3.1,1.8171,2.3849,0.8,,,7.1468,3.0224,3.4562,0.0,,84000.0,83997.525,63997.525,260400.0,260392.3275,0
002622.SZ,20251224,3.07,2.2304,2.9274,0.96,,,7.0776,2.9931,3.4227,0.0,,84000.0,83997.525,63997.525,257880.0,257872.4018,0
002622.SZ,20251223,3.07,2.1023,2.7593,0.92,,,7.0776,2.9931,3.4227,0.0,,84000.0,83997.525,63997.525,257880.0,257872.4018,0
002622.SZ,20251222,3.14,1.9138,2.5119,,,,7.239,3.0614,3.5008,0.0,,84000.0,83997.525,63997.525,263760.0,263752.2285,0
002622.SZ,20251219,3.14,2.6553,3.4851,1.13,,,7.239,3.0614,3.5008,0.0,,84000.0,83997.525,63997.525,263760.0,263752.2285,0
002622.SZ,20251218,3.12,2.5007,3.2822,1.03,,,7.1929,3.0419,3.4785,0.0,,84000.0,83997.525,63997.525,262080.0,262072.278,0
002622.SZ,20251217,3.05,2.473,3.2458,1.01,,,7.0315,2.9736,3.4004,0.0,,84000.0,83997.525,63997.525,256200.0,256192.4513,0
002622.SZ,20251216,3.04,1.9112,2.5085,0.73,,,7.0085,2.9639,3.3893,0.0,,84000.0,83997.525,63997.525,255360.0,255352.476,0
002622.SZ,20251215,3.1,2.4669,3.2379,0.91,,,7.1468,3.0224,3.4562,0.0,,84000.0,83997.525,63997.525,260400.0,260392.3275,0
002622.SZ,20251212,3.13,2.3636,3.1023,0.88,,,7.216,3.0516,3.4896,0.0,,84000.0,83997.525,63997.525,262920.0,262912.2533,0
002622.SZ,20251211,3.14,2.9676,3.895,1.18,,,7.239,3.0614,3.5008,0.0,,84000.0,83997.525,63997.525,263760.0,263752.2285,0
002622.SZ,20251210,3.27,2.5329,3.3244,1.05,,,7.5387,3.1881,3.6457,0.0,,84000.0,83997.525,63997.525,274680.0,274671.9068,0
002622.SZ,20251209,3.31,2.7542,3.6149,1.14,,,7.6309,3.2271,3.6903,0.0,,84000.0,83997.525,63997.525,278040.0,278031.8078,0
002622.SZ,20251208,3.34,2.9069,3.8154,,,,7.7001,3.2564,3.7238,0.0,,84000.0,83997.525,63997.525,280560.0,280551.7335,0
002622.SZ,20251205,3.37,2.3352,3.0649,,,,7.7693,3.2856,3.7572,0.0,,84000.0,83997.525,63997.525,283080.0,283071.6593,0
002622.SZ,20251204,3.3,2.068,2.7142,,,,7.6079,3.2174,3.6792,0.0,,84000.0,83997.525,63997.525,277200.0,277191.8325,0
002622.SZ,20251203,3.37,2.0127,2.6417,,,,7.7693,3.2856,3.7572,0.0,,84000.0,83997.525,63997.525,283080.0,283071.6593,0
002622.SZ,20251202,3.41,2.7756,3.643,1.06,,,7.8615,3.3246,3.8018,0.0,,84000.0,83997.525,63997.525,286440.0,286431.5603,0
002622.SZ,20251201,3.43,3.6334,4.7689,1.3,,,7.9076,3.3441,3.8241,0.0,,84000.0,83997.525,63997.525,288120.0,288111.5108,0
002622.SZ,20251128,3.37,1.9697,2.5852,0.61,,,7.7693,3.2856,3.7572,0.0,,84000.0,83997.525,63997.525,283080.0,283071.6593,0
002622.SZ,20251127,3.31,1.7896,2.3489,0.49,,,7.6309,3.2271,3.6903,0.0,,84000.0,83997.525,63997.525,278040.0,278031.8078,0
002622.SZ,20251126,3.31,2.786,3.6567,0.7,,,7.6309,3.2271,3.6903,0.0,,84000.0,83997.525,63997.525,278040.0,278031.8078,0
002622.SZ,20251125,3.38,2.9674,3.8947,0.76,,,7.7923,3.2954,3.7684,0.0,,84000.0,83997.525,63997.525,283920.0,283911.6345,0
002622.SZ,20251124,3.31,4.4295,5.8138,1.22,,,7.6309,3.2271,3.6903,0.0,,84000.0,83997.525,63997.525,278040.0,278031.8078,0
002622.SZ,20251121,3.22,4.1956,5.5068,1.25,,,7.4234,3.1394,3.59,0.0,,84000.0,83997.525,63997.525,270480.0,270472.0305,0
002622.SZ,20251120,3.41,4.0405,5.3032,1.21,,,7.8615,3.3246,3.8018,0.0,,84000.0,83997.525,63997.525,286440.0,286431.5603,0
002622.SZ,20251119,3.37,4.1831,5.4903,1.34,,,7.7693,3.2856,3.7572,0.0,,84000.0,83997.525,63997.525,283080.0,283071.6593,0
002622.SZ,20251118,3.52,2.6658,3.4989,0.84,,,8.1151,3.4319,3.9245,0.0,,84000.0,83997.525,63997.525,295680.0,295671.288,0
002622.SZ,20251117,3.59,3.0166,3.9593,0.98,,,8.2764,3.5001,4.0025,0.0,,84000.0,83997.525,63997.525,301560.0,301551.1148,0
002622.SZ,20251114,3.62,2.8865,3.7886,0.94,,,8.3456,3.5294,4.0359,0.0,,84000.0,83997.525,63997.525,304080.0,304071.0405,0
002622.SZ,20251113,3.64,3.9825,5.2271,1.42,,,8.3917,3.5489,4.0582,0.0,,84000.0,83997.525,63997.525,305760.0,305750.991,0
002622.SZ,20251112,3.53,3.1034,4.0732,1.15,,,8.1381,3.4416,3.9356,0.0,,84000.0,83997.525,63997.525,296520.0,296511.2633,0
002622.SZ,20251111,3.49,2.9272,3.842,1.06,,,8.0459,3.4026,3.891,0.0,,84000.0,83997.525,63997.525,293160.0,293151.3623,0
002622.SZ,20251110,3.45,2.504,3.2866,0.74,,,7.9537,3.3636,3.8464,0.0,,84000.0,83997.525,63997.525,289800.0,289791.4613,0
002622.SZ,20251107,3.45,2.8506,3.7415,0.79,,,7.9537,3.3636,3.8464,0.0,,84000.0,83997.525,63997.525,289800.0,289791.4613,0
002622.SZ,20251106,3.48,2.6531,3.4822,0.73,,,8.0228,3.3929,3.8799,0.0,,84000.0,83997.525,63997.525,292320.0,292311.387,0
002622.SZ,20251105,3.45,2.5369,3.3297,0.7,,,7.9537,3.3636,3.8464,0.0,,84000.0,83997.525,63997.525,289800.0,289791.4613,0
002622.SZ,20251104,3.46,3.26,4.2789,0.92,,,7.9767,3.3734,3.8576,0.0,,84000.0,83997.525,63997.525,290640.0,290631.4365,0
002622.SZ,20251103,3.46,5.5281,7.2557,1.84,,,7.9767,3.3734,3.8576,0.0,,84000.0,83997.525,63997.525,290640.0,290631.4365,0
002622.SZ,20251031,3.33,3.9859,5.2315,1.48,,,7.677,3.2466,3.7126,0.0,,84000.0,83997.525,63997.525,279720.0,279711.7583,0
002622.SZ,20251030,3.24,2.7423,3.5993,1.05,,,7.3008,3.1589,3.4312,0.0,,84000.0,83997.525,63997.525,272160.0,272151.981,0
002622.SZ,20251029,3.27,2.5093,3.2935,0.86,,,7.3684,3.1881,3.463,0.0,,84000.0,83997.525,63997.525,274680.0,274671.9068,0
002622.SZ,20251028,3.31,3.0176,3.9607,1.02,,,7.4585,3.2271,3.5053,0.0,,84000.0,83997.525,63997.525,278040.0,278031.8078,0
002622.SZ,20251027,3.26,2.7494,3.6086,0.9,,,7.3459,3.1784,3.4524,0.0,,84000.0,83997.525,63997.525,273840.0,273831.9315,0
002622.SZ,20251024,3.31,2.4798,3.2547,0.78,,,7.4585,3.2271,3.5053,0.0,,84000.0,83997.525,63997.525,278040.0,278031.8078,0
002622.SZ,20251023,3.32,2.3622,3.1004,0.68,,,7.4811,3.2369,3.5159,0.0,,84000.0,83997.525,63997.525,278880.0,278871.783,0
002622.SZ,20251022,3.32,4.0606,5.3296,1.18,,,7.4811,3.2369,3.5159,0.0,,84000.0,83997.525,63997.525,278880.0,278871.783,0
002622.SZ,20251021,3.26,3.1226,4.0985,0.76,,,7.3459,3.1784,3.4524,0.0,,84000.0,83997.525,63997.525,273840.0,273831.9315,0
002622.SZ,20251020,3.19,3.2211,4.2277,0.71,,,7.1881,3.1101,3.3782,0.0,,84000.0,83997.525,63997.525,267960.0,267952.1048,0
002622.SZ,20251017,3.15,3.2148,4.2195,0.66,,,7.098,3.0711,3.3359,0.0,,84000.0,83997.525,63997.525,264600.0,264592.2038,0
002622.SZ,20251016,3.2,3.8239,5.019,0.67,,,7.2107,3.1199,3.3888,0.0,,84000.0,83997.525,63997.525,268800.0,268792.08,0
002622.SZ,20251015,3.25,3.7916,4.9765,0.61,,,7.3233,3.1686,3.4418,0.0,,84000.0,83997.525,63997.525,273000.0,272991.9563,0
002622.SZ,20251014,3.18,6.4039,8.4052,0.9,,,7.1656,3.1004,3.3676,0.0,,84000.0,83997.525,63997.525,267120.0,267112.1295,0
002622.SZ,20251013,3.16,5.4402,7.1403,0.68,,,7.1205,3.0809,3.3465,0.0,,84000.0,83997.525,63997.525,265440.0,265432.179,0
002622.SZ,20251010,3.12,4.7852,6.2806,0.59,,,7.0304,3.0419,3.3041,0.0,,84000.0,83997.525,63997.525,262080.0,262072.278,0
002622.SZ,20251009,3.13,8.1951,10.7561,1.11,,,7.0529,3.0516,3.3147,0.0,,84000.0,83997.525,63997.525,262920.0,262912.2533,0
002622.SZ,20250930,3.2,6.3945,8.3928,0.87,,,7.2107,3.1199,3.3888,0.0,,84000.0,83997.525,63997.525,268800.0,268792.08,0
002622.SZ,20250929,3.21,10.9239,14.3378,1.59,,,7.2332,3.1296,3.3994,0.0,,84000.0,83997.525,63997.525,269640.0,269632.0553,0
002622.SZ,20250926,3.45,9.5006,12.4696,1.52,,,7.774,3.3636,3.6536,0.0,,84000.0,83997.525,63997.525,289800.0,289791.4613,-1
002622.SZ,20250925,3.83,5.5405,7.272,0.77,,,8.6303,3.7341,4.056,0.0,,84000.0,83997.525,63997.525,321720.0,321710.5208,0
002622.SZ,20250924,3.95,4.5818,6.0136,0.51,,,8.9007,3.8511,4.1831,0.0,,84000.0,83997.525,63997.525,331800.0,331790.2238,0
002622.SZ,20250923,4.0,6.2085,8.1487,0.62,,,9.0133,3.8999,4.236,0.0,,84000.0,83997.525,63997.525,336000.0,335990.1,0
002622.SZ,20250922,4.04,8.4355,11.0716,0.94,,,9.1035,3.9389,4.2784,0.0,,84000.0,83997.525,63997.525,339360.0,339350.001,0
002622.SZ,20250919,4.13,6.5048,8.5377,0.78,,,9.3063,4.0266,4.3737,0.0,,84000.0,83997.525,63997.525,346920.0,346909.7783,0
002622.SZ,20250918,4.22,10.1597,13.3347,1.41,,,9.5091,4.1144,4.469,0.0,,84000.0,83997.525,63997.525,354480.0,354469.5555,0
002622.SZ,20250917,4.3,13.5457,17.7789,2.6,,,9.6893,4.1924,4.5537,0.0,,84000.0,83997.525,63997.525,361200.0,361189.3575,0
002622.SZ,20250916,4.25,11.8246,15.52,3.21,,,9.5767,4.1436,4.5008,0.0,,84000.0,83997.525,63997.525,357000.0,356989.4813,1
002622.SZ,20250915,3.86,2.784,3.654,0.64,,,8.6979,3.7634,4.0878,0.0,,84000.0,83997.525,63997.525,324240.0,324230.4465,0
002622.SZ,20250912,3.84,3.1505,4.1351,0.64,,,8.6528,3.7439,4.0666,0.0,,84000.0,83997.525,63997.525,322560.0,322550.496,0
002622.SZ,20250911,3.88,4.7947,6.293,0.89,,,8.7429,3.7829,4.109,0.0,,84000.0,83997.525,63997.525,325920.0,325910.397,0
002622.SZ,20250910,3.92,3.5034,4.5982,0.55,,,8.8331,3.8219,4.1513,0.0,,84000.0,83997.525,63997.525,329280.0,329270.298,0
002622.SZ,20250909,3.93,4.2076,5.5225,0.65,,,8.8556,3.8316,4.1619,0.0,,84000.0,83997.525,63997.525,330120.0,330110.2733,0
002622.SZ,20250908,4.04,6.0878,7.9903,0.95,,,9.1035,3.9389,4.2784,0.0,,84000.0,83997.525,63997.525,339360.0,339350.001,0
002622.SZ,20250905,3.99,6.14,8.0588,0.98,,,8.9908,3.8901,4.2254,0.0,,84000.0,83997.525,63997.525,335160.0,335150.1248,0
002622.SZ,20250904,3.86,7.0615,9.2684,1.09,,,8.6979,3.7634,4.0878,0.0,,84000.0,83997.525,63997.525,324240.0,324230.4465,0
002622.SZ,20250903,3.94,8.4114,11.0401,1.23,,,8.8781,3.8414,4.1725,0.0,,84000.0,83997.525,63997.525,330960.0,330950.2485,0
002622.SZ,20250902,3.79,4.5804,6.0118,0.59,,,8.5401,3.6951,4.0136,0.0,,84000.0,83997.525,63997.525,318360.0,318350.6198,0
002622.SZ,20250901,3.82,5.8705,7.7051,0.59,,,8.6077,3.7244,4.0454,0.0,,84000.0,83997.525,63997.525,320880.0,320870.5455,0
002622.SZ,20250829,3.75,5.2968,7.1196,0.43,,,8.45,3.6561,3.9713,0.0,,84000.0,83997.525,62491.4284,315000.0,314990.7188,0
002622.SZ,20250828,3.7,8.2901,11.1431,0.63,,,8.1349,3.6074,3.6956,0.0,,84000.0,83997.525,62491.4284,310800.0,310790.8425,0
002622.SZ,20250827,3.78,10.0465,13.504,0.77,,,8.3108,3.6854,3.7755,0.0,,84000.0,83997.525,62491.4284,317520.0,317510.6445,0
002622.SZ,20250826,4.01,9.4511,12.7036,0.72,,,8.8165,3.9096,4.0052,0.0,,84000.0,83997.525,62491.4284,336840.0,336830.0753,0
002622.SZ,20250825,4.1,17.0028,22.8542,1.42,,,9.0144,3.9974,4.0951,0.0,,84000.0,83997.525,62491.4284,344400.0,344389.8525,0
002622.SZ,20250822,4.21,17.1717,23.0813,1.46,,,9.2562,4.1046,4.205,0.0,,84000.0,83997.525,62491.4284,353640.0,353629.5803,1
002622.SZ,20250821,3.83,11.8762,15.9633,0.89,,,8.4208,3.7341,3.8254,0.0,,84000.0,83997.525,62491.4284,321720.0,321710.5208,0
002622.SZ,20250820,3.96,9.8452,13.2334,0.61,,,8.7066,3.8609,3.9553,0.0,,84000.0,83997.525,62491.4284,332640.0,332630.199,1
002622.SZ,20250819,3.6,9.5886,12.8884,0.59,,,7.9151,3.5099,3.5957,0.0,,84000.0,83997.525,62491.4284,302400.0,302391.09,0
002622.SZ,20250818,3.74,11.276,15.1566,0.68,,,8.2229,3.6464,3.7355,0.0,,84000.0,83997.525,62491.4284,314160.0,314150.7435,0
002622.SZ,20250815,3.85,16.1796,21.7477,1.01,,,8.4647,3.7536,3.8454,0.0,,84000.0,83997.525,62491.4284,323400.0,323390.4713,0
002622.SZ,20250814,3.77,19.8714,26.7101,1.58,,,8.2888,3.6756,3.7655,0.0,,84000.0,83997.525,62491.4284,316680.0,316670.6693,0
002622.SZ,20250813,3.52,23.1894,31.1698,2.75,,,7.7392,3.4319,3.5158,0.0,,84000.0,83997.525,62491.4284,295680.0,295671.288,0
002622.SZ,20250812,3.56,11.1261,14.955,1.66,,,7.8271,3.4709,3.5558,0.0,,84000.0,83997.525,62491.4284,299040.0,299031.189,1
002622.SZ,20250811,3.24,12.0252,16.1636,2.48,,,7.1236,3.1589,3.2361,0.0,,84000.0,83997.525,62491.4284,272160.0,272151.981,0
002622.SZ,20250808,3.14,13.6568,18.3567,5.24,,,6.9037,3.0614,3.1363,0.0,,84000.0,83997.525,62491.4284,263760.0,263752.2285,0
002622.SZ,20250807,3.03,3.0453,4.0933,1.23,,,6.6618,2.9541,3.0264,0.0,,84000.0,83997.525,62491.4284,254520.0,254512.5008,0
002622.SZ,20250806,3.04,2.3078,3.1021,0.93,,,6.6838,2.9639,3.0364,0.0,,84000.0,83997.525,62491.4284,255360.0,255352.476,0
002622.SZ,20250805,3.09,2.4956,3.3545,1.02,,,6.7938,3.0126,3.0863,0.0,,84000.0,83997.525,62491.4284,259560.0,259552.3523,0
002622.SZ,20250804,3.06,2.78,3.7367,1.08,,,6.7278,2.9834,3.0564,0.0,,84000.0,83997.525,62491.4284,257040.0,257032.4265,0
002622.SZ,20250801,3.03,2.3982,3.2235,0.97,,,6.6618,2.9541,3.0264,0.0,,84000.0,83997.525,62491.4284,254520.0,254512.5008,0
002622.SZ,20250731,3.0,2.3509,3.1599,0.9,,,6.5959,2.9249,2.9964,0.0,,84000.0,83997.525,62491.4284,252000.0,251992.575,0
002622.SZ,20250730,3.04,2.3802,3.1993,0.92,,,6.6838,2.9639,3.0364,0.0,,84000.0,83997.525,62491.4284,255360.0,255352.476,0
002622.SZ,20250729,3.08,2.3686,3.1838,0.94,,,6.7718,3.0029,3.0763,0.0,,84000.0,83997.525,62491.4284,258720.0,258712.377,0
002622.SZ,20250728,3.1,3.3133,4.4535,1.39,,,6.8158,3.0224,3.0963,0.0,,84000.0,83997.525,62491.4284,260400.0,260392.3275,0
002622.SZ,20250725,3.06,1.9824,2.6647,0.8,,,6.7278,2.9834,3.0564,0.0,,84000.0,83997.525,62491.4284,257040.0,257032.4265,0
002622.SZ,20250724,3.12,2.9898,4.0187,1.25,,,6.8597,3.0419,3.1163,0.0,,84000.0,83997.525,62491.4284,262080.0,262072.278,0
002622.SZ,20250723,3.04,2.316,3.1131,0.94,,,6.6838,2.9639,3.0364,0.0,,84000.0,83997.525,62491.4284,255360.0,255352.476,0
002622.SZ,20250722,3.05,1.9866,2.6702,0.68,,,6.7058,2.9736,3.0464,0.0,,84000.0,83997.525,62491.4284,256200.0,256192.4513,0
002622.SZ,20250721,3.08,2.6667,3.5845,0.8,,,6.7718,3.0029,3.0763,0.0,,84000.0,83997.525,62491.4284,258720.0,258712.377,0
002622.SZ,20250718,3.05,2.4689,3.3185,0.56,,,6.7058,2.9736,3.0464,0.0,,84000.0,83997.525,62491.4284,256200.0,256192.4513,0
002622.SZ,20250717,3.09,2.527,3.3967,0.5,,,6.7938,3.0126,3.0863,0.0,,84000.0,83997.525,62491.4284,259560.0,259552.3523,0
002622.SZ,20250716,3.12,2.6645,3.5815,0.44,,,6.8597,3.0419,3.1163,0.0,,84000.0,83997.525,62491.4284,262080.0,262072.278,0
002622.SZ,20250715,3.09,4.2292,5.6847,0.75,,,6.7938,3.0126,3.0863,0.0,,84000.0,83997.525,62491.4284,259560.0,259552.3523,0
002622.SZ,20250714,3.12,4.7749,6.4182,0.95,,,6.8597,3.0419,3.1163,0.0,,84000.0,83997.525,62491.4284,262080.0,262072.278,0
002622.SZ,20250711,3.16,8.0109,10.7678,2.05,,,6.9477,3.0809,3.1562,0.0,,84000.0,83997.525,62491.4284,265440.0,265432.179,0
002622.SZ,20250710,3.05,5.4358,7.3064,1.64,,,6.7058,2.9736,3.0464,0.0,,84000.0,83997.525,62491.4284,256200.0,256192.4513,0
002622.SZ,20250709,2.99,7.7178,10.3738,3.53,,,6.5739,2.9151,2.9864,0.0,,84000.0,83997.525,62491.4284,251160.0,251152.5998,0
002622.SZ,20250708,2.88,2.1758,2.9246,0.99,,,6.3321,2.8079,2.8766,0.0,,84000.0,83997.525,62491.4284,241920.0,241912.872,0
002622.SZ,20250707,2.83,1.8298,2.4595,0.78,,,6.2221,2.7592,2.8266,0.0,,84000.0,83997.525,62491.4284,237720.0,237712.9958,0
002622.SZ,20250704,2.8,2.3329,3.1357,1.02,,,6.1562,2.7299,2.7967,0.0,,84000.0,83997.525,62491.4284,235200.0,235193.07,0
002622.SZ,20250703,2.85,2.5402,3.4144,1.09,,,6.2661,2.7787,2.8466,0.0,,84000.0,83997.525,62491.4284,239400.0,239392.9463,0
002622.SZ,20250702,2.87,2.051,2.7568,0.82,,,6.3101,2.7982,2.8666,0.0,,84000.0,83997.525,62491.4284,241080.0,241072.8968,0
002622.SZ,20250701,2.92,2.2342,3.0031,0.8,,,6.42,2.8469,2.9165,0.0,,84000.0,83997.525,62491.4284,245280.0,245272.773,0
002622.SZ,20250630,2.91,2.6149,3.5148,0.78,,,6.398,2.8372,2.9065,0.0,,84000.0,83997.525,62491.4284,244440.0,244432.7978,0
002622.SZ,20250627,2.94,2.0191,2.714,0.63,,,6.464,2.8664,2.9365,0.0,,84000.0,83997.525,62491.4284,246960.0,246952.7235,0
002622.SZ,20250626,2.95,2.7694,3.7225,0.88,,,6.486,2.8762,2.9465,0.0,,84000.0,83997.525,62491.4284,247800.0,247792.6988,0
002622.SZ,20250625,2.99,2.8948,3.891,0.91,,,6.5739,2.9151,2.9864,0.0,,84000.0,83997.525,62491.4284,251160.0,251152.5998,0
002622.SZ,20250624,2.97,3.6592,4.9185,1.19,,,6.5299,2.8956,2.9665,0.0,,84000.0,83997.525,62491.4284,249480.0,249472.6493,0
002622.SZ,20250623,2.94,5.4293,7.2978,2.09,,,6.464,2.8664,2.9365,0.0,,84000.0,83997.525,62491.4284,246960.0,246952.7235,0
002622.SZ,20250620,2.79,1.1667,1.5682,0.38,,,6.1342,2.7202,2.7867,0.0,,84000.0,83997.525,62491.4284,234360.0,234353.0948,0
002622.SZ,20250619,2.78,2.5283,3.3984,0.72,,,6.1122,2.7104,2.7767,0.0,,84000.0,83997.525,62491.4284,233520.0,233513.1195,0
002622.SZ,20250618,2.86,3.1647,4.2539,0.77,,,6.2881,2.7884,2.8566,0.0,,84000.0,83997.525,62491.4284,240240.0,240232.9215,0
002622.SZ,20250617,2.83,3.0664,4.1217,0.52,,,6.2221,2.7592,2.8266,0.0,,84000.0,83997.525,62491.4284,237720.0,237712.9958,0
002622.SZ,20250616,2.85,3.0431,4.0903,0.45,,,6.2661,2.7787,2.8466,0.0,,84000.0,83997.525,62491.4284,239400.0,239392.9463,0
002622.SZ,20250613,2.81,3.6675,4.9296,0.57,,,6.1782,2.7397,2.8066,0.0,,84000.0,83997.525,62491.4284,236040.0,236033.0453,0
002622.SZ,20250612,2.89,4.6685,6.2751,0.77,,,6.354,2.8177,2.8866,0.0,,84000.0,83997.525,62491.4284,242760.0,242752.8473,0
002622.SZ,20250611,2.89,6.1374,8.2495,1.18,,,6.354,2.8177,2.8866,0.0,,84000.0,83997.525,62491.4284,242760.0,242752.8473,0
002622.SZ,20250610,2.93,12.1919,16.3876,3.73,,,6.442,2.8567,2.9265,0.0,,84000.0,83997.525,62491.4284,246120.0,246112.7483,0
002622.SZ,20250609,3.12,7.2493,9.744,3.32,,,6.8597,3.0419,3.1163,0.0,,84000.0,83997.525,62491.4284,262080.0,262072.278,1
002622.SZ,20250606,2.84,1.741,2.3402,0.73,,,6.2441,2.7689,2.8366,0.0,,84000.0,83997.525,62491.4284,238560.0,238552.971,0
002622.SZ,20250605,2.84,3.0046,4.0386,1.4,,,6.2441,2.7689,2.8366,0.0,,84000.0,83997.525,62491.4284,238560.0,238552.971,0
002622.SZ,20250604,2.83,1.7669,2.3749,0.83,,,6.2221,2.7592,2.8266,0.0,,84000.0,83997.525,62491.4284,237720.0,237712.9958,0
002622.SZ,20250603,2.83,2.5677,3.4514,1.34,,,6.2221,2.7592,2.8266,0.0,,84000.0,83997.525,62491.4284,237720.0,237712.9958,0
002622.SZ,20250530,2.75,1.8367,2.4688,0.97,,,6.0462,2.6812,2.7467,0.0,,84000.0,83997.525,62491.4284,231000.0,230993.1938,0
002622.SZ,20250529,2.81,2.7414,3.6849,1.59,,,6.1782,2.7397,2.8066,0.0,,84000.0,83997.525,62491.4284,236040.0,236033.0453,0
002622.SZ,20250528,2.71,1.8193,2.4454,1.05,,,5.9583,2.6422,2.7068,0.0,,84000.0,83997.525,62491.4284,227640.0,227633.2928,0
002622.SZ,20250527,2.76,1.734,2.3308,0.93,,,6.0682,2.6909,2.7567,0.0,,84000.0,83997.525,62491.4284,231840.0,231833.169,0
002622.SZ,20250526,2.72,1.4271,1.9182,0.71,,,5.9803,2.6519,2.7168,0.0,,84000.0,83997.525,62491.4284,228480.0,228473.268,0
002622.SZ,20250523,2.7,1.7116,2.3006,0.85,,,5.9363,2.6324,2.6968,0.0,,84000.0,83997.525,62491.4284,226800.0,226793.3175,0
002622.SZ,20250522,2.73,1.9209,2.582,0.94,,,6.0023,2.6617,2.7267,0.0,,84000.0,83997.525,62491.4284,229320.0,229313.2433,0
002622.SZ,20250521,2.77,1.8464,2.4818,0.87,,,6.0902,2.7007,2.7667,0.0,,84000.0,83997.525,62491.4284,232680.0,232673.1443,0
002622.SZ,20250520,2.8,2.3748,3.1921,1.05,,,6.1562,2.7299,2.7967,0.0,,84000.0,83997.525,62491.4284,235200.0,235193.07,0
002622.SZ,20250519,2.75,2.1785,2.9282,0.86,,,6.0462,2.6812,2.7467,0.0,,84000.0,83997.525,62491.4284,231000.0,230993.1938,0
002622.SZ,20250516,2.7,1.7841,2.3982,0.49,,,5.9363,2.6324,2.6968,0.0,,84000.0,83997.525,62491.4284,226800.0,226793.3175,0
002622.SZ,20250515,2.71,1.9802,2.6617,0.51,,,5.9583,2.6422,2.7068,0.0,,84000.0,83997.525,62491.4284,227640.0,227633.2928,0
002622.SZ,20250514,2.76,2.2795,3.064,0.58,,,6.0682,2.6909,2.7567,0.0,,84000.0,83997.525,62491.4284,231840.0,231833.169,0
002622.SZ,20250513,2.76,3.0457,4.0939,0.81,,,6.0682,2.6909,2.7567,0.0,,84000.0,83997.525,62491.4284,231840.0,231833.169,0
002622.SZ,20250512,2.74,3.5447,4.7645,1.02,,,6.0242,2.6714,2.7367,0.0,,84000.0,83997.525,62491.4284,230160.0,230153.2185,0
002622.SZ,20250509,2.71,7.2698,9.7717,2.87,,,5.9583,2.6422,2.7068,0.0,,84000.0,83997.525,62491.4284,227640.0,227633.2928,0
002622.SZ,20250508,2.9,3.1075,4.1769,1.15,,,6.376,2.8274,2.8965,0.0,,84000.0,83997.525,62491.4284,243600.0,243592.8225,1
002622.SZ,20250507,2.64,2.539,3.4128,0.9,,,5.8044,2.5739,2.6369,0.0,,84000.0,83997.525,62491.4284,221760.0,221753.466,0
002622.SZ,20250506,2.62,2.4095,3.2387,0.91,,,5.7604,2.5544,2.6169,0.0,,84000.0,83997.525,62491.4284,220080.0,220073.5155,0
002622.SZ,20250430,2.5,2.1096,2.8356,0.82,,,5.4966,2.4374,2.497,0.0,,84000.0,83997.525,62491.4284,210000.0,209993.8125,0
002622.SZ,20250429,2.43,2.5172,3.3835,1.04,,,5.3427,2.3692,2.4271,0.0,,84000.0,83997.525,62491.4284,204120.0,204113.9858,0
002622.SZ,20250428,2.41,3.9758,5.344,1.99,,,5.2987,2.3497,2.4071,0.0,,84000.0,83997.525,62491.4284,202440.0,202434.0353,0
002622.SZ,20250425,2.55,3.0529,4.1036,1.86,,,4.7832,2.8307,2.4675,0.0,,84000.0,83997.525,62491.4284,214200.0,214193.6888,0
002622.SZ,20250424,2.53,1.6043,2.1564,1.01,,,4.7456,2.8085,2.4481,0.0,,84000.0,83997.525,62491.4284,212520.0,212513.7383,0
002622.SZ,20250423,2.59,1.7264,2.3205,1.06,,,4.8582,2.8751,2.5062,0.0,,84000.0,83997.525,62491.4284,217560.0,217553.5898,0
002622.SZ,20250422,2.6,1.7605,2.3664,1.1,,,4.877,2.8862,2.5158,0.0,,84000.0,83997.525,62491.4284,218400.0,218393.565,0
002622.SZ,20250421,2.61,1.8414,2.4751,1.13,,,4.8957,2.8973,2.5255,0.0,,84000.0,83997.525,62491.4284,219240.0,219233.5403,0
002622.SZ,20250418,2.57,1.2721,1.7099,0.73,,,4.8207,2.8529,2.4868,0.0,,84000.0,83997.525,62491.4284,215880.0,215873.6393,0
002622.SZ,20250417,2.56,1.3046,1.7536,0.66,,,4.8019,2.8418,2.4771,0.0,,84000.0,83997.525,62491.4284,215040.0,215033.664,0
002622.SZ,20250416,2.55,1.9503,2.6215,0.86,,,4.7832,2.8307,2.4675,0.0,,84000.0,83997.525,62491.4284,214200.0,214193.6888,0
002622.SZ,20250415,2.62,1.6118,2.1666,0.63,,,4.9145,2.9084,2.5352,0.0,,84000.0,83997.525,62491.4284,220080.0,220073.5155,0
002622.SZ,20250414,2.61,2.0125,2.7051,0.77,,,4.8957,2.8973,2.5255,0.0,,84000.0,83997.525,62491.4284,219240.0,219233.5403,0
002622.SZ,20250411,2.53,1.8779,2.5241,0.75,,,4.7456,2.8085,2.4481,0.0,,84000.0,83997.525,62491.4284,212520.0,212513.7383,0
002622.SZ,20250410,2.52,2.4564,3.3018,1.05,,,4.7269,2.7974,2.4384,0.0,,84000.0,83997.525,62491.4284,211680.0,211673.763,0
002622.SZ,20250409,2.45,3.3676,4.5265,1.55,,,4.5956,2.7197,2.3707,0.0,,84000.0,83997.525,62491.4284,205800.0,205793.9363,0
002622.SZ,20250408,2.4,3.0683,4.1242,1.5,,,4.5018,2.6642,2.3223,0.0,,84000.0,83997.525,62491.4284,201600.0,201594.06,0
002622.SZ,20250407,2.5,2.2261,2.9922,1.12,,,4.6894,2.7752,2.4191,0.0,,84000.0,83997.525,62491.4284,210000.0,209993.8125,-1
002622.SZ,20250403,2.78,1.4519,1.9516,0.72,,,5.2146,3.086,2.69,0.0,,84000.0,83997.525,62491.4284,233520.0,233513.1195,0
002622.SZ,20250402,2.78,1.6165,2.1728,0.81,,,5.2146,3.086,2.69,0.0,,84000.0,83997.525,62491.4284,233520.0,233513.1195,0
002622.SZ,20250401,2.85,2.5271,3.3968,1.35,,,5.3459,3.1637,2.7577,0.0,,84000.0,83997.525,62491.4284,239400.0,239392.9463,0
002622.SZ,20250331,2.76,2.3808,3.2001,1.14,,,5.1771,3.0638,2.6707,0.0,,84000.0,83997.525,62491.4284,231840.0,231833.169,0
002622.SZ,20250328,2.82,1.9256,2.5883,0.85,,,5.2896,3.1304,2.7287,0.0,,84000.0,83997.525,62491.4284,236880.0,236873.0205,0
002622.SZ,20250327,2.89,1.6148,2.1705,0.7,,,5.4209,3.2081,2.7965,0.0,,84000.0,83997.525,62491.4284,242760.0,242752.8473,0
002622.SZ,20250326,2.88,1.4773,1.9856,0.6,,,5.4022,3.197,2.7868,0.0,,84000.0,83997.525,62491.4284,241920.0,241912.872,0
002622.SZ,20250325,2.85,1.9376,2.6044,0.74,,,5.3459,3.1637,2.7577,0.0,,84000.0,83997.525,62491.4284,239400.0,239392.9463,0
002622.SZ,20250324,2.88,3.496,4.6992,1.34,,,5.4022,3.197,2.7868,0.0,,84000.0,83997.525,62491.4284,241920.0,241912.872,0
002622.SZ,20250321,3.0,2.8204,3.7911,0.93,,,5.6273,3.3302,2.9029,0.0,,84000.0,83997.525,62491.4284,252000.0,251992.575,0
002622.SZ,20250320,3.08,1.8304,2.4604,0.52,,,5.7773,3.419,2.9803,0.0,,84000.0,83997.525,62491.4284,258720.0,258712.377,0
002622.SZ,20250319,3.11,2.313,3.109,0.55,,,5.8336,3.4523,3.0093,0.0,,84000.0,83997.525,62491.4284,261240.0,261232.3028,0
002622.SZ,20250318,3.14,2.6213,3.5234,0.48,,,5.8899,3.4856,3.0384,0.0,,84000.0,83997.525,62491.4284,263760.0,263752.2285,0
002622.SZ,20250317,3.13,3.4178,4.5941,0.56,,,5.8711,3.4745,3.0287,0.0,,84000.0,83997.525,62491.4284,262920.0,262912.2533,0
002622.SZ,20250314,3.17,5.0079,6.7314,0.88,,,5.9461,3.5189,3.0674,0.0,,84000.0,83997.525,62491.4284,266280.0,266272.1543,0
002622.SZ,20250313,3.09,4.3229,5.8106,0.8,,,5.7961,3.4301,2.99,0.0,,84000.0,83997.525,62491.4284,259560.0,259552.3523,0
002622.SZ,20250312,3.14,5.5602,7.4737,1.12,,,5.8899,3.4856,3.0384,0.0,,84000.0,83997.525,62491.4284,263760.0,263752.2285,0
002622.SZ,20250311,3.14,9.2519,12.4359,2.5,,,5.8899,3.4856,3.0384,0.0,,84000.0,83997.525,62491.4284,263760.0,263752.2285,0
002622.SZ,20250310,3.2,6.4105,8.6166,1.98,,,6.0024,3.5522,3.0964,0.0,,84000.0,83997.525,62491.4284,268800.0,268792.08,1
002622.SZ,20250307,2.91,2.9532,3.9695,0.8,,,5.4584,3.2303,2.8158,0.0,,84000.0,83997.525,62491.4284,244440.0,244432.7978,0
002622.SZ,20250306,2.98,3.01,4.0459,0.78,,,5.5897,3.308,2.8835,0.0,,84000.0,83997.525,62491.4284,250320.0,250312.6245,0
002622.SZ,20250305,2.93,3.1934,4.2924,0.82,,,5.4959,3.2525,2.8352,0.0,,84000.0,83997.525,62491.4284,246120.0,246112.7483,0
002622.SZ,20250304,2.97,2.9241,3.9304,0.7,,,5.571,3.2969,2.8739,0.0,,84000.0,83997.525,62491.4284,249480.0,249472.6493,0
002622.SZ,20250303,2.95,4.1398,5.5645,0.92,,,5.5335,3.2747,2.8545,0.0,,84000.0,83997.525,62491.4284,247800.0,247792.6988,0
002622.SZ,20250228,3.03,5.0946,6.8479,1.02,,,5.6835,3.3635,2.9319,0.0,,84000.0,83997.525,62491.4284,254520.0,254512.5008,0
002622.SZ,20250227,3.04,3.9383,5.2936,0.64,,,5.7023,3.3746,2.9416,0.0,,84000.0,83997.525,62491.4284,255360.0,255352.476,0
002622.SZ,20250226,3.05,3.4406,4.6247,0.47,,,5.721,3.3857,2.9513,0.0,,84000.0,83997.525,62491.4284,256200.0,256192.4513,0
002622.SZ,20250225,3.02,4.3497,5.8466,0.44,,,5.6648,3.3524,2.9222,0.0,,84000.0,83997.525,62491.4284,253680.0,253672.5255,0
002622.SZ,20250224,3.03,5.6908,7.6492,0.55,,,5.6835,3.3635,2.9319,0.0,,84000.0,83997.525,62491.4284,254520.0,254512.5008,0
002622.SZ,20250221,3.13,7.4816,10.0563,0.78,,,5.8711,3.4745,3.0287,0.0,,84000.0,83997.525,62491.4284,262920.0,262912.2533,0
002622.SZ,20250220,3.19,9.7682,13.1299,1.21,,,5.9836,3.5411,3.0867,0.0,,84000.0,83997.525,62491.4284,267960.0,267952.1048,0
002622.SZ,20250219,3.14,9.2399,12.4198,1.39,,,5.8899,3.4856,3.0384,0.0,,84000.0,83997.525,62491.4284,263760.0,263752.2285,0
002622.SZ,20250218,3.2,16.7588,22.5262,4.3,,,6.0024,3.5522,3.0964,0.0,,84000.0,83997.525,62491.4284,268800.0,268792.08,0
002622.SZ,20250217,3.43,8.417,11.3137,2.97,,,6.4338,3.8075,3.319,0.0,,84000.0,83997.525,62491.4284,288120.0,288111.5108,1
002622.SZ,20250214,3.12,3.6495,4.9054,1.37,,,5.8523,3.4634,3.019,0.0,,84000.0,83997.525,62491.4284,262080.0,262072.278,1
002622.SZ,20250213,2.84,2.1995,2.9564,0.81,,,5.3271,3.1526,2.7481,0.0,,84000.0,83997.525,62491.4284,238560.0,238552.971,0
002622.SZ,20250212,2.87,2.2739,3.0564,0.84,,,5.3834,3.1859,2.7771,0.0,,84000.0,83997.525,62491.4284,241080.0,241072.8968,0
002622.SZ,20250211,2.86,2.9267,3.9339,1.16,,,5.3646,3.1748,2.7674,0.0,,84000.0,83997.525,62491.4284,240240.0,240232.9215,0
002622.SZ,20250210,2.95,3.0985,4.1648,1.31,,,5.5335,3.2747,2.8545,0.0,,84000.0,83997.525,62491.4284,247800.0,247792.6988,0
002622.SZ,20250207,2.84,2.8673,3.854,1.25,,,5.3271,3.1526,2.7481,0.0,,84000.0,83997.525,62491.4284,238560.0,238552.971,0
002622.SZ,20250206,2.78,2.4504,3.2937,1.16,,,5.2146,3.086,2.69,0.0,,84000.0,83997.525,62491.4284,233520.0,233513.1195,0
002622.SZ,20250205,2.73,2.1763,2.9253,1.07,,,5.1208,3.0305,2.6416,0.0,,84000.0,83997.525,62491.4284,229320.0,229313.2433,0
002622.SZ,20250127,2.65,2.0167,2.7107,1.01,,,4.9707,2.9417,2.5642,0.0,,84000.0,83997.525,62491.4284,222600.0,222593.4413,0
002622.SZ,20250124,2.7,2.3184,3.1163,1.19,,,5.0645,2.9972,2.6126,0.0,,84000.0,83997.525,62491.4284,226800.0,226793.3175,0
002622.SZ,20250123,2.64,2.4936,3.3518,1.22,,,4.952,2.9306,2.5545,0.0,,84000.0,83997.525,62491.4284,221760.0,221753.466,0
002622.SZ,20250122,2.63,1.5804,2.1243,0.69,,,4.9332,2.9195,2.5449,0.0,,84000.0,83997.525,62491.4284,220920.0,220913.4908,0
002622.SZ,20250121,2.7,1.7455,2.3462,0.68,,,5.0645,2.9972,2.6126,0.0,,84000.0,83997.525,62491.4284,226800.0,226793.3175,0
002622.SZ,20250120,2.77,1.8862,2.5353,0.72,,,5.1958,3.0749,2.6803,0.0,,84000.0,83997.525,62491.4284,232680.0,232673.1443,0
002622.SZ,20250117,2.72,2.066,2.7771,0.79,,,5.102,3.0194,2.632,0.0,,84000.0,83997.525,62491.4284,228480.0,228473.268,0
002622.SZ,20250116,2.77,2.977,4.0015,1.23,,,5.1958,3.0749,2.6803,0.0,,84000.0,83997.525,62491.4284,232680.0,232673.1443,0
002622.SZ,20250115,2.73,2.8423,3.8205,1.15,,,5.1208,3.0305,2.6416,0.0,,84000.0,83997.525,62491.4284,229320.0,229313.2433,0
002622.SZ,20250114,2.7,3.0046,4.0386,1.19,,,5.0645,2.9972,2.6126,0.0,,84000.0,83997.525,62491.4284,226800.0,226793.3175,0
002622.SZ,20250113,2.53,2.1495,2.8893,0.79,,,4.7456,2.8085,2.4481,0.0,,84000.0,83997.525,62491.4284,212520.0,212513.7383,0
002622.SZ,20250110,2.55,2.0408,2.7431,0.68,,,4.7832,2.8307,2.4675,0.0,,84000.0,83997.525,62491.4284,214200.0,214193.6888,0
002622.SZ,20250109,2.67,2.0448,2.7486,0.66,,,5.0083,2.9639,2.5836,0.0,,84000.0,83997.525,62491.4284,224280.0,224273.3918,0
002622.SZ,20250108,2.67,3.0706,4.1274,1.03,,,5.0083,2.9639,2.5836,0.0,,84000.0,83997.525,62491.4284,224280.0,224273.3918,0
002622.SZ,20250107,2.65,3.2888,4.4207,1.1,,,4.9707,2.9417,2.5642,0.0,,84000.0,83997.525,62491.4284,222600.0,222593.4413,0
002622.SZ,20250106,2.54,3.1102,4.1805,1.04,,,4.7644,2.8196,2.4578,0.0,,84000.0,83997.525,62491.4284,213360.0,213353.7135,0
002622.SZ,20250103,2.53,3.4476,4.6341,1.19,,,4.7456,2.8085,2.4481,0.0,,84000.0,83997.525,62491.4284,212520.0,212513.7383,0
002622.SZ,20250102,2.74,2.5461,3.4224,0.81,,,5.1396,3.0416,2.6513,0.0,,84000.0,83997.525,62491.4284,230160.0,230153.2185,0
