ts_code,trade_date,close,turnover_rate,turnover_rate_f,volume_ratio,pe,pe_ttm,pb,ps,ps_ttm,dv_ratio,dv_ttm,total_share,float_share,free_share,total_mv,circ_mv,limit_status
601116.SH,20251230,13.73,3.0397,8.6473,0.82,52.7596,55.3069,2.3385,1.9403,1.9316,1.4567,1.4567,54767.84,54767.84,19252.221,751962.4432,751962.4432,0
601116.SH,20251229,14.04,3.0846,8.7749,0.74,53.9509,56.5556,2.3913,1.9841,1.9752,1.4245,1.4245,54767.84,54767.84,19252.221,768940.4736,768940.4736,0
601116.SH,20251226,14.27,3.4595,9.8414,0.67,54.8347,57.4821,2.4305,2.0166,2.0076,1.4015,1.4015,54767.84,54767.84,19252.221,781537.0768,781537.0768,0
601116.SH,20251225,14.42,3.8214,10.871,0.68,55.4111,58.0863,2.456,2.0378,2.0287,1.387,1.387,54767.84,54767.84,19252.221,789752.2528,789752.2528,0
601116.SH,20251224,14.65,3.7561,10.6851,0.57,56.2949,59.0128,2.4952,2.0703,2.061,1.3652,1.3652,54767.84,54767.84,19252.221,802348.856,802348.856,0
601116.SH,20251223,14.65,4.3903,12.4894,0.58,56.2949,59.0128,2.4952,2.0703,2.061,1.3652,1.3652,54767.84,54767.84,19252.221,802348.856,802348.856,0
601116.SH,20251222,14.97,5.3629,15.256,,57.5245,60.3018,2.5497,2.1156,2.1061,1.336,1.336,54767.84,54767.84,19252.221,819874.5648,819874.5648,0
601116.SH,20251219,15.33,8.4091,23.9218,1.16,58.9079,61.752,2.611,2.1664,2.1567,1.3046,1.3046,54767.84,54767.84,19252.221,839590.9872,839590.9872,0
601116.SH,20251218,14.57,6.1875,17.6021,0.8,55.9875,58.6905,2.4816,2.059,2.0498,1.3727,1.3727,54767.84,54767.84,19252.221,797967.4288,797967.4288,0
601116.SH,20251217,14.51,8.3231,23.6773,0.98,55.7569,58.4489,2.4714,2.0505,2.0413,1.3784,1.3784,54767.84,54767.84,19252.221,794681.3584,794681.3584,0
601116.SH,20251216,15.5,9.5716,27.2288,1.09,59.5611,62.4368,2.64,2.1905,2.1806,1.2903,1.2903,54767.84,54767.84,19252.221,848901.52,848901.52,0
601116.SH,20251215,14.48,5.9236,16.8512,0.69,55.6416,58.328,2.4663,2.0463,2.0371,1.3812,1.3812,54767.84,54767.84,19252.221,793038.3232,793038.3232,0
601116.SH,20251212,13.92,6.1012,17.3564,0.75,53.4897,56.0722,2.3709,1.9672,1.9583,1.4368,1.4368,54767.84,54767.84,19252.221,762368.3328,762368.3328,0
601116.SH,20251211,15.0,8.5705,24.3808,1.18,57.6398,60.4227,2.5548,2.1198,2.1103,1.3333,1.3333,54767.84,54767.84,19252.221,821517.6,821517.6,0
601116.SH,20251210,16.35,12.4081,35.2979,2.05,62.8274,65.8607,2.7848,2.3106,2.3002,1.2232,1.2232,54767.84,54767.84,19252.221,895454.184,895454.184,0
601116.SH,20251209,16.27,11.0117,31.3255,2.02,62.52,65.5384,2.7711,2.2993,2.289,1.2293,1.2293,54767.84,54767.84,19252.221,891072.7568,891072.7568,0
601116.SH,20251208,15.3,5.1298,14.593,,58.7926,61.6311,2.6059,2.1622,2.1525,1.3072,1.3072,54767.84,54767.84,19252.221,837947.952,837947.952,0
601116.SH,20251205,14.92,3.7488,10.6643,,57.3324,60.1004,2.5412,2.1085,2.099,1.3405,1.3405,54767.84,54767.84,19252.221,817136.1728,817136.1728,0
601116.SH,20251204,14.8,4.002,11.3847,,56.8713,59.617,2.5208,2.0915,2.0821,1.3514,1.3514,54767.84,54767.84,19252.221,810564.032,810564.032,0
601116.SH,20251203,15.22,6.3838,18.1603,,58.4852,61.3089,2.5923,2.1509,2.1412,1.3141,1.3141,54767.84,54767.84,19252.221,833566.5248,833566.5248,0
601116.SH,20251202,15.77,7.9577,22.6376,0.65,60.5986,63.5244,2.686,2.2286,2.2186,1.2682,1.2682,54767.84,54767.84,19252.221,863688.8368,863688.8368,0
601116.SH,20251201,16.33,8.3321,23.7028,0.7,62.7505,65.7801,2.7813,2.3078,2.2974,1.2247,1.2247,54767.84,54767.84,19252.221,894358.8272,894358.8272,0
601116.SH,20251128,16.98,10.8504,31.7704,1.01,65.2483,68.3985,2.8921,2.3996,2.3888,1.1779,1.1779,54767.84,54767.84,18704.5426,929957.9232,929957.9232,0
601116.SH,20251127,16.69,16.878,49.4195,1.94,64.1339,67.2303,2.8427,2.3586,2.348,1.1983,1.1983,54767.84,54767.84,18704.5426,914075.2496,914075.2496,0
601116.SH,20251126,17.49,13.3149,38.9866,1.63,67.208,70.4528,2.9789,2.4717,2.4606,1.1435,1.1435,54767.84,54767.84,18704.5426,957889.5216,957889.5216,1
601116.SH,20251125,15.9,11.9045,34.8569,1.39,61.0982,64.048,2.7081,2.247,2.2369,1.2579,1.2579,54767.84,54767.84,18704.5426,870808.656,870808.656,0
601116.SH,20251124,15.74,6.1657,18.0534,0.65,60.4834,63.4035,2.6809,2.2244,2.2144,1.2706,1.2706,54767.84,54767.84,18704.5426,862045.8016,862045.8016,1
601116.SH,20251121,14.31,5.42,15.8701,0.48,54.9884,57.6432,2.4373,2.0223,2.0132,1.3976,1.3976,54767.84,54767.84,18704.5426,783727.7904,783727.7904,0
601116.SH,20251120,14.96,6.8028,19.9189,0.59,57.4861,60.2615,2.548,2.1141,2.1047,1.3369,1.3369,54767.84,54767.84,18704.5426,819326.8864,819326.8864,0
601116.SH,20251119,15.26,10.645,31.1692,1.06,58.6389,61.47,2.5991,2.1565,2.1469,1.3106,1.3106,54767.84,54767.84,18704.5426,835757.2384,835757.2384,0
601116.SH,20251118,16.04,13.7801,40.3489,1.73,61.6362,64.612,2.732,2.2668,2.2566,1.2469,1.2469,54767.84,54767.84,18704.5426,878476.1536,878476.1536,0
601116.SH,20251117,15.15,10.765,31.5204,1.67,58.2162,61.0269,2.5804,2.141,2.1314,1.3201,1.3201,54767.84,54767.84,18704.5426,829732.776,829732.776,0
601116.SH,20251114,14.95,14.6422,42.873,3.46,57.4477,60.2213,2.5463,2.1127,2.1033,1.3378,1.3378,54767.84,54767.84,18704.5426,818779.208,818779.208,0
601116.SH,20251113,14.64,8.1617,23.8977,2.06,56.2564,58.9725,2.4935,2.0689,2.0596,1.3661,1.3661,54767.84,54767.84,18704.5426,801801.1776,801801.1776,1
601116.SH,20251112,13.31,3.0078,8.807,0.75,51.1457,53.615,2.267,1.881,1.8725,1.5026,1.5026,54767.84,54767.84,18704.5426,728959.9504,728959.9504,0
601116.SH,20251111,13.3,3.1446,9.2076,0.81,51.1073,53.5748,2.2653,1.8796,1.8711,1.5038,1.5038,54767.84,54767.84,18704.5426,728412.272,728412.272,0
601116.SH,20251110,13.13,3.3677,9.8608,0.92,50.454,52.89,2.2363,1.8555,1.8472,1.5232,1.5232,54767.84,54767.84,18704.5426,719101.7392,719101.7392,0
601116.SH,20251107,12.7,3.4699,10.1599,0.97,48.8017,51.1579,2.1631,1.7948,1.7867,1.5748,1.5748,54767.84,54767.84,18704.5426,695551.568,695551.568,0
601116.SH,20251106,12.58,6.8146,19.9536,2.22,48.3406,50.6745,2.1426,1.7778,1.7698,1.5898,1.5898,54767.84,54767.84,18704.5426,688979.4272,688979.4272,0
601116.SH,20251105,13.92,3.2677,9.5679,1.12,53.4897,56.0722,2.3709,1.9672,1.9583,1.4368,1.4368,54767.84,54767.84,18704.5426,762368.3328,762368.3328,0
601116.SH,20251104,13.9,2.5365,7.427,0.84,53.4129,55.9917,2.3675,1.9643,1.9555,1.4388,1.4388,54767.84,54767.84,18704.5426,761272.976,761272.976,0
601116.SH,20251103,13.89,2.1305,6.2382,0.64,53.3745,55.9514,2.3658,1.9629,1.9541,1.4399,1.4399,54767.84,54767.84,18704.5426,760725.2976,760725.2976,0
601116.SH,20251031,13.84,3.1395,9.1927,0.86,53.1823,55.75,2.3572,1.9559,1.9471,1.4451,1.4451,54767.84,54767.84,18704.5426,757986.9056,757986.9056,0
601116.SH,20251030,13.5,4.2746,12.5163,1.1,51.8758,54.3804,2.2993,1.9078,1.8993,1.4815,1.4815,54767.84,54767.84,18704.5426,739365.84,739365.84,0
601116.SH,20251029,14.22,2.4806,7.2632,0.57,54.6425,49.8682,2.4395,2.0096,1.9964,1.4065,1.4065,54767.84,54767.84,18704.5426,778798.6848,778798.6848,0
601116.SH,20251028,14.17,3.0778,9.0118,0.61,54.4504,49.6928,2.4309,2.0025,1.9894,1.4114,1.4114,54767.84,54767.84,18704.5426,776060.2928,776060.2928,0
601116.SH,20251027,14.34,3.7817,11.0729,0.71,55.1037,50.289,2.4601,2.0265,2.0132,1.3947,1.3947,54767.84,54767.84,18704.5426,785370.8256,785370.8256,0
601116.SH,20251024,14.02,4.7095,13.7898,0.82,53.874,49.1668,2.4052,1.9813,1.9683,1.4265,1.4265,54767.84,54767.84,18704.5426,767845.1168,767845.1168,0
601116.SH,20251023,14.42,5.4566,15.9771,0.85,55.4111,50.5696,2.4738,2.0378,2.0245,1.387,1.387,54767.84,54767.84,18704.5426,789752.2528,789752.2528,0
601116.SH,20251022,14.86,4.9049,14.3617,0.61,57.1018,52.1126,2.5493,2.1,2.0862,1.3459,1.3459,54767.84,54767.84,18704.5426,813850.1024,813850.1024,0
601116.SH,20251021,15.18,6.4904,19.0043,0.71,58.3315,53.2348,2.6042,2.1452,2.1312,1.3175,1.3175,54767.84,54767.84,18704.5426,831375.8112,831375.8112,0
601116.SH,20251020,14.59,4.9846,14.5952,0.5,56.0643,51.1657,2.503,2.0619,2.0483,1.3708,1.3708,54767.84,54767.84,18704.5426,799062.7856,799062.7856,0
601116.SH,20251017,14.44,6.8319,20.0042,0.65,55.4879,50.6397,2.4773,2.0407,2.0273,1.385,1.385,54767.84,54767.84,18704.5426,790847.6096,790847.6096,0
601116.SH,20251016,15.2,8.9118,26.0941,0.88,58.4083,53.3049,2.6076,2.1481,2.134,1.3158,1.3158,54767.84,54767.84,18704.5426,832471.168,832471.168,0
601116.SH,20251015,15.99,13.0372,38.1736,1.46,61.444,56.0754,2.7432,2.2597,2.2449,1.2508,1.2508,54767.84,54767.84,18704.5426,875737.7616,875737.7616,0
601116.SH,20251014,15.95,12.0056,35.1531,1.59,61.2903,55.9351,2.7363,2.254,2.2393,1.2539,1.2539,54767.84,54767.84,18704.5426,873547.048,873547.048,0
601116.SH,20251013,14.94,8.9772,26.2857,1.29,57.4092,52.3931,2.563,2.1113,2.0975,1.3387,1.3387,54767.84,54767.84,18704.5426,818231.5296,818231.5296,0
601116.SH,20251010,14.64,9.9886,29.247,1.45,56.2564,51.3411,2.5116,2.0689,2.0554,1.3661,1.3661,54767.84,54767.84,18704.5426,801801.1776,801801.1776,0
601116.SH,20251009,13.9,6.5831,19.2757,1.0,53.4129,48.746,2.3846,1.9643,1.9515,1.4388,1.4388,54767.84,54767.84,18704.5426,761272.976,761272.976,0
601116.SH,20250930,14.77,7.0918,20.7651,1.1,56.756,51.797,2.5339,2.0873,2.0736,1.3541,1.3541,54767.84,54767.84,18704.5426,808920.9968,808920.9968,0
601116.SH,20250929,14.25,5.1926,15.2043,0.79,54.7578,49.9734,2.4447,2.0138,2.0006,1.4035,1.4035,54767.84,54767.84,18704.5426,780441.72,780441.72,0
601116.SH,20250926,14.03,6.0469,17.7057,0.83,53.9124,49.2019,2.4069,1.9827,1.9697,1.4255,1.4255,54767.84,54767.84,18704.5426,768392.7952,768392.7952,0
601116.SH,20250925,14.75,9.5147,27.8595,1.21,56.6791,51.7268,2.5304,2.0845,2.0708,1.3559,1.3559,54767.84,54767.84,18704.5426,807825.64,807825.64,0
601116.SH,20250924,13.87,5.0576,14.8088,0.53,53.2976,48.6408,2.3795,1.9601,1.9472,1.442,1.442,54767.84,54767.84,18704.5426,759629.9408,759629.9408,0
601116.SH,20250923,14.01,6.4064,18.7583,0.57,53.8356,49.1317,2.4035,1.9799,1.9669,1.4276,1.4276,54767.84,54767.84,18704.5426,767297.4384,767297.4384,0
601116.SH,20250922,14.75,5.9693,17.4784,0.44,56.6791,51.7268,2.5304,2.0845,2.0708,1.3559,1.3559,54767.84,54767.84,18704.5426,807825.64,807825.64,0
601116.SH,20250919,14.67,9.434,27.6232,0.61,56.3717,51.4463,2.5167,2.0732,2.0596,1.3633,1.3633,54767.84,54767.84,18704.5426,803444.2128,803444.2128,0
601116.SH,20250918,15.65,12.3435,36.1423,0.82,60.1375,54.883,2.6848,2.2117,2.1971,1.278,1.278,54767.84,54767.84,18704.5426,857116.696,857116.696,0
601116.SH,20250917,15.36,13.2528,38.8047,0.94,59.0232,53.866,2.6351,2.1707,2.1564,1.3021,1.3021,54767.84,54767.84,18704.5426,841234.0224,841234.0224,0
601116.SH,20250916,16.89,14.9511,43.7776,1.19,64.9024,59.2316,2.8976,2.3869,2.3712,1.1841,1.1841,54767.84,54767.84,18704.5426,925028.8176,925028.8176,0
601116.SH,20250915,18.19,17.9455,52.5454,1.74,69.8979,63.7906,3.1206,2.5706,2.5537,1.0995,1.0995,54767.84,54767.84,18704.5426,996227.0096,996227.0096,1
601116.SH,20250912,16.54,18.6304,54.5509,2.22,63.5575,58.0042,2.8375,2.3374,2.3221,1.2092,1.2092,54767.84,54767.84,18704.5426,905860.0736,905860.0736,0
601116.SH,20250911,16.24,10.1764,29.7969,1.18,62.4047,56.9521,2.7861,2.295,2.28,1.2315,1.2315,54767.84,54767.84,18704.5426,889429.7216,889429.7216,1
601116.SH,20250910,14.76,8.6294,25.2674,1.01,56.7176,51.7619,2.5322,2.0859,2.0722,1.355,1.355,54767.84,54767.84,18704.5426,808373.3184,808373.3184,1
601116.SH,20250909,13.42,7.4212,21.7297,0.78,51.5684,47.0626,2.3023,1.8965,1.8841,1.4903,1.4903,54767.84,54767.84,18704.5426,734984.4128,734984.4128,1
601116.SH,20250908,12.2,6.5884,19.2911,0.72,46.8804,42.7842,2.093,1.7241,1.7128,1.6393,1.6393,54767.84,54767.84,18704.5426,668167.648,668167.648,0
601116.SH,20250905,12.4,9.064,26.5399,1.16,47.6489,43.4856,2.1273,1.7524,1.7409,1.6129,1.6129,54767.84,54767.84,18704.5426,679121.216,679121.216,0
601116.SH,20250904,12.73,11.3109,33.1188,1.91,48.917,44.6429,2.1839,1.799,1.7872,1.5711,1.5711,54767.84,54767.84,18704.5426,697194.6032,697194.6032,0
601116.SH,20250903,11.84,8.134,23.8168,1.7,45.497,41.5217,2.0312,1.6732,1.6623,1.6892,1.6892,54767.84,54767.84,18704.5426,648451.2256,648451.2256,0
601116.SH,20250902,12.14,12.5531,36.756,4.86,46.6498,42.5738,2.0827,1.7156,1.7044,1.6474,1.6474,54767.84,54767.84,18704.5426,664881.5776,664881.5776,0
601116.SH,20250901,11.96,4.7656,13.9539,2.34,45.9581,41.9426,2.0518,1.6902,1.6791,1.6722,1.6722,54767.84,54767.84,18704.5426,655023.3664,655023.3664,1
601116.SH,20250829,10.87,2.2354,6.5454,1.21,41.7696,38.12,1.8648,1.5361,1.5261,1.8399,1.8399,54767.84,54767.84,18704.5426,595326.4208,595326.4208,0
601116.SH,20250828,10.93,1.9587,5.7351,1.09,42.0002,37.1816,1.8875,1.5446,1.5399,1.8298,1.8298,54767.84,54767.84,18704.5426,598612.4912,598612.4912,0
601116.SH,20250827,10.99,2.3462,6.8697,1.39,42.2308,37.3857,1.8979,1.5531,1.5483,1.8198,1.8198,54767.84,54767.84,18704.5426,601898.5616,601898.5616,0
601116.SH,20250826,11.17,1.6015,4.6893,0.95,42.9224,37.998,1.929,1.5785,1.5737,1.7905,1.7905,54767.84,54767.84,18704.5426,611756.7728,611756.7728,0
601116.SH,20250825,11.07,2.0427,5.9812,1.29,42.5382,37.6578,1.9117,1.5644,1.5596,1.8067,1.8067,54767.84,54767.84,18704.5426,606279.9888,606279.9888,0
601116.SH,20250822,10.92,1.2833,3.7575,0.81,41.9618,37.1476,1.8858,1.5432,1.5385,1.8315,1.8315,54767.84,54767.84,18704.5426,598064.8128,598064.8128,0
601116.SH,20250821,10.95,1.7202,5.0369,1.1,42.0771,37.2496,1.891,1.5475,1.5427,1.8265,1.8265,54767.84,54767.84,18704.5426,599707.848,599707.848,0
601116.SH,20250820,10.94,1.7948,5.2552,1.13,42.0386,37.2156,1.8893,1.546,1.5413,1.8282,1.8282,54767.84,54767.84,18704.5426,599160.1696,599160.1696,0
601116.SH,20250819,10.84,1.6066,4.7041,1.08,41.6544,36.8754,1.872,1.5319,1.5272,1.845,1.845,54767.84,54767.84,18704.5426,593683.3856,593683.3856,0
601116.SH,20250818,10.79,1.4841,4.3456,0.96,41.4622,36.7053,1.8634,1.5248,1.5201,1.8536,1.8536,54767.84,54767.84,18704.5426,590944.9936,590944.9936,0
601116.SH,20250815,10.66,1.3094,3.8339,0.81,40.9627,36.2631,1.8409,1.5065,1.5018,1.8762,1.8762,54767.84,54767.84,18704.5426,583825.1744,583825.1744,0
601116.SH,20250814,10.61,1.6531,4.8402,0.99,40.7706,36.093,1.8323,1.4994,1.4948,1.885,1.885,54767.84,54767.84,18704.5426,581086.7824,581086.7824,0
601116.SH,20250813,10.84,1.8619,5.4518,0.84,41.6544,36.8754,1.872,1.5319,1.5272,1.845,1.845,54767.84,54767.84,18704.5426,593683.3856,593683.3856,0
601116.SH,20250812,10.86,1.1393,3.5433,0.51,41.7312,36.9435,1.8755,1.5347,1.53,1.8416,1.8416,54767.84,54767.84,17609.1858,594778.7424,594778.7424,0
601116.SH,20250811,10.89,1.7463,5.4313,0.85,41.8465,37.0455,1.8806,1.539,1.5342,1.8365,1.8365,54767.84,54767.84,17609.1858,596421.7776,596421.7776,0
601116.SH,20250808,10.77,1.6598,5.1624,0.87,41.3854,36.6373,1.8599,1.522,1.5173,1.857,1.857,54767.84,54767.84,17609.1858,589849.6368,589849.6368,0
601116.SH,20250807,10.76,1.9604,6.0971,1.08,41.347,36.6033,1.8582,1.5206,1.5159,1.8587,1.8587,54767.84,54767.84,17609.1858,589301.9584,589301.9584,0
601116.SH,20250806,10.76,4.5164,14.0468,3.64,41.347,36.6033,1.8582,1.5206,1.5159,1.8587,1.8587,54767.84,54767.84,17609.1858,589301.9584,589301.9584,0
601116.SH,20250805,11.4,1.1925,3.709,0.93,43.8063,38.7804,1.9687,1.611,1.6061,1.7544,1.7544,54767.84,54767.84,17609.1858,624353.376,624353.376,0
601116.SH,20250804,11.34,0.9506,2.9567,0.72,43.5757,38.5763,1.9584,1.6026,1.5976,1.7637,1.7637,54767.84,54767.84,17609.1858,621067.3056,621067.3056,0
601116.SH,20250801,11.39,0.9643,2.9993,0.68,43.7678,38.7464,1.967,1.6096,1.6047,1.7559,1.7559,54767.84,54767.84,17609.1858,623805.6976,623805.6976,0
601116.SH,20250731,11.36,1.4775,4.5952,0.99,43.6525,38.6443,1.9618,1.6054,1.6005,1.7606,1.7606,54767.84,54767.84,17609.1858,622162.6624,622162.6624,0
601116.SH,20250730,11.66,1.6255,5.0555,0.98,44.8053,39.6649,2.0136,1.6478,1.6427,1.7153,1.7153,54767.84,54767.84,17609.1858,638593.0144,638593.0144,0
601116.SH,20250729,11.57,1.3877,4.316,0.6,44.4595,39.3587,1.9981,1.6351,1.63,1.7286,1.7286,54767.84,54767.84,17609.1858,633663.9088,633663.9088,0
601116.SH,20250728,11.6,1.1517,3.5821,0.44,44.5748,39.4608,2.0033,1.6393,1.6343,1.7241,1.7241,54767.84,54767.84,17609.1858,635306.944,635306.944,0
601116.SH,20250725,11.62,1.4576,4.5334,0.5,44.6516,39.5288,2.0067,1.6421,1.6371,1.7212,1.7212,54767.84,54767.84,17609.1858,636402.3008,636402.3008,0
601116.SH,20250724,11.7,1.8036,5.6096,0.61,44.959,39.801,2.0205,1.6534,1.6484,1.7094,1.7094,54767.84,54767.84,17609.1858,640783.728,640783.728,0
601116.SH,20250723,11.67,2.4726,7.6902,0.91,44.8438,39.6989,2.0153,1.6492,1.6441,1.7138,1.7138,54767.84,54767.84,17609.1858,639140.6928,639140.6928,0
601116.SH,20250722,11.8,4.6148,14.3529,2.2,45.3433,40.1411,2.0378,1.6676,1.6624,1.6949,1.6949,54767.84,54767.84,17609.1858,646260.512,646260.512,0
601116.SH,20250721,11.44,2.6521,8.2487,1.38,43.96,38.9165,1.9756,1.6167,1.6117,1.7483,1.7483,54767.84,54767.84,17609.1858,626544.0896,626544.0896,0
601116.SH,20250718,11.48,2.9244,9.0953,1.56,44.1137,39.0526,1.9825,1.6224,1.6174,1.7422,1.7422,54767.84,54767.84,17609.1858,628734.8032,628734.8032,0
601116.SH,20250717,11.33,2.1194,6.5917,0.93,43.5373,38.5423,1.9566,1.6012,1.5962,1.7652,1.7652,54767.84,54767.84,17609.1858,620519.6272,620519.6272,0
601116.SH,20250716,11.19,1.2892,4.0097,0.43,42.9993,38.066,1.9324,1.5814,1.5765,1.7873,1.7873,54767.84,54767.84,17609.1858,612852.1296,612852.1296,0
601116.SH,20250715,11.17,1.5205,4.7289,0.43,42.9224,37.998,1.929,1.5785,1.5737,1.7905,1.7905,54767.84,54767.84,17609.1858,611756.7728,611756.7728,0
601116.SH,20250714,11.33,1.7491,5.4402,0.42,43.5373,38.5423,1.9566,1.6012,1.5962,1.7652,1.7652,54767.84,54767.84,17609.1858,620519.6272,620519.6272,0
601116.SH,20250711,11.31,2.6682,8.2985,0.65,43.4604,38.4743,1.9532,1.5983,1.5934,1.7683,1.7683,54767.84,54767.84,17609.1858,619424.2704,619424.2704,0
601116.SH,20250710,11.56,4.1287,12.8409,1.2,44.4211,39.3247,1.9963,1.6337,1.6286,1.7301,1.7301,54767.84,54767.84,17609.1858,633116.2304,633116.2304,0
601116.SH,20250709,11.58,5.0931,15.8404,1.99,44.4979,39.3927,1.9998,1.6365,1.6314,1.7271,1.7271,54767.84,54767.84,17609.1858,634211.5872,634211.5872,0
601116.SH,20250708,11.28,4.1354,12.8617,2.17,43.3451,38.3722,1.948,1.5941,1.5892,1.773,1.773,54767.84,54767.84,17609.1858,617781.2352,617781.2352,0
601116.SH,20250707,11.15,4.68,14.5558,4.04,42.8456,37.93,1.9255,1.5757,1.5709,1.7937,1.7937,54767.84,54767.84,17609.1858,610661.416,610661.416,0
601116.SH,20250704,10.92,2.4597,7.6503,2.78,41.9618,37.1476,1.8858,1.5432,1.5385,1.8315,1.8315,54767.84,54767.84,17609.1858,598064.8128,598064.8128,0
601116.SH,20250703,10.84,0.8282,2.5758,0.76,41.6544,36.8754,1.872,1.5319,1.5272,1.845,1.845,54767.84,54767.84,17609.1858,593683.3856,593683.3856,0
601116.SH,20250702,10.84,0.7109,2.211,0.55,41.6544,36.8754,1.872,1.5319,1.5272,1.845,1.845,54767.84,54767.84,17609.1858,593683.3856,593683.3856,0
601116.SH,20250701,10.87,0.8527,2.6519,0.66,41.7696,36.9775,1.8772,1.5361,1.5314,1.8399,1.8399,54767.84,54767.84,17609.1858,595326.4208,595326.4208,0
601116.SH,20250630,10.89,0.9413,2.9276,0.76,41.8465,37.0455,1.8806,1.539,1.5342,1.8365,1.8365,54767.84,54767.84,17609.1858,596421.7776,596421.7776,0
601116.SH,20250627,10.81,1.0961,3.409,0.97,41.5391,36.7734,1.8668,1.5277,1.523,1.8501,1.8501,54767.84,54767.84,17609.1858,592040.3504,592040.3504,0
601116.SH,20250626,10.83,1.8647,5.7996,1.91,41.6159,36.8414,1.8703,1.5305,1.5258,1.8467,1.8467,54767.84,54767.84,17609.1858,593135.7072,593135.7072,0
601116.SH,20250625,10.8,1.7162,5.3377,2.1,41.5007,36.7393,1.8651,1.5263,1.5216,1.8519,1.8519,54767.84,54767.84,17609.1858,591492.672,591492.672,0
601116.SH,20250624,10.63,0.8892,2.7655,1.13,40.8474,36.161,1.8357,1.5022,1.4976,1.8815,1.8815,54767.84,54767.84,17609.1858,582182.1392,582182.1392,0
601116.SH,20250623,10.44,0.6199,1.928,0.78,40.1173,35.5147,1.8029,1.4754,1.4708,1.9157,1.9157,54767.84,54767.84,17609.1858,571776.2496,571776.2496,0
601116.SH,20250620,10.34,0.5327,1.6569,0.58,39.733,35.1745,1.7857,1.4612,1.4567,1.9342,1.9342,54767.84,54767.84,17609.1858,566299.4656,566299.4656,0
601116.SH,20250619,10.32,1.1233,3.4938,1.23,39.6562,35.1065,1.7822,1.4584,1.4539,1.938,1.938,54767.84,54767.84,17609.1858,565204.1088,565204.1088,0
601116.SH,20250618,10.55,0.917,2.8521,0.99,40.54,35.8889,1.8219,1.4909,1.4863,1.8957,1.8957,54767.84,54767.84,17609.1858,577800.712,577800.712,0
601116.SH,20250617,10.73,0.7252,2.2556,0.72,41.2317,36.5012,1.853,1.5164,1.5117,1.8639,1.8639,54767.84,54767.84,17609.1858,587658.9232,587658.9232,0
601116.SH,20250616,10.73,0.6726,2.0919,0.59,41.2317,36.5012,1.853,1.5164,1.5117,1.8639,1.8639,54767.84,54767.84,17609.1858,587658.9232,587658.9232,0
601116.SH,20250613,10.69,1.1831,3.6796,1.12,41.078,36.3651,1.8461,1.5107,1.5061,1.8709,1.8709,54767.84,54767.84,17609.1858,585468.2096,585468.2096,0
601116.SH,20250612,10.89,1.0706,3.3297,1.02,41.8465,37.0455,1.8806,1.539,1.5342,1.8365,1.8365,54767.84,54767.84,17609.1858,596421.7776,596421.7776,0
601116.SH,20250611,10.83,0.9608,2.9883,0.83,41.6159,36.8414,1.8703,1.5305,1.5258,1.8467,1.8467,54767.84,54767.84,17609.1858,593135.7072,593135.7072,0
601116.SH,20250610,10.74,1.1188,3.4797,1.05,41.2701,36.5352,1.8547,1.5178,1.5131,1.8622,1.8622,54767.84,54767.84,17609.1858,588206.6016,588206.6016,0
601116.SH,20250609,11.02,1.3309,4.1394,1.33,42.346,37.4877,1.8396,1.5573,1.5525,1.8149,1.8149,54767.84,54767.84,17609.1858,603541.5968,603541.5968,0
601116.SH,20250606,10.83,0.8014,2.4924,0.73,41.6159,36.8414,1.8078,1.5305,1.5258,1.8467,1.8467,54767.84,54767.84,17609.1858,593135.7072,593135.7072,0
601116.SH,20250605,10.95,1.0555,3.2827,0.98,42.0771,37.2496,1.8279,1.5475,1.5427,1.8265,1.8265,54767.84,54767.84,17609.1858,599707.848,599707.848,0
601116.SH,20250604,11.06,1.4823,4.6102,1.53,42.4997,37.6238,1.8462,1.563,1.5582,1.8083,1.8083,54767.84,54767.84,17609.1858,605732.3104,605732.3104,0
601116.SH,20250603,10.8,0.6569,2.043,0.64,41.5007,36.7393,1.8028,1.5263,1.5216,1.8519,1.8519,54767.84,54767.84,17609.1858,591492.672,591492.672,0
601116.SH,20250530,10.72,1.0072,3.1326,0.92,41.1932,36.4672,1.7895,1.5149,1.5103,1.8657,1.8657,54767.84,54767.84,17609.1858,587111.2448,587111.2448,0
601116.SH,20250529,10.91,1.2542,3.9009,1.04,41.9233,37.1135,1.8212,1.5418,1.5371,1.8332,1.8332,54767.84,54767.84,17609.1858,597517.1344,597517.1344,0
601116.SH,20250528,10.85,0.9746,3.031,0.75,41.6928,36.9094,1.8112,1.5333,1.5286,1.8433,1.8433,54767.84,54767.84,17609.1858,594231.064,594231.064,0
601116.SH,20250527,10.84,0.9504,2.9561,0.58,41.6544,36.8754,1.8095,1.5319,1.5272,1.845,1.845,54767.84,54767.84,17609.1858,593683.3856,593683.3856,0
601116.SH,20250526,10.77,0.9558,2.9727,0.51,41.3854,36.6373,1.7978,1.522,1.5173,1.857,1.857,54767.84,54767.84,17609.1858,589849.6368,589849.6368,0
601116.SH,20250523,10.72,1.3312,4.1402,0.7,41.1932,36.4672,1.7895,1.5149,1.5103,1.8657,1.8657,54767.84,54767.84,17609.1858,587111.2448,587111.2448,0
601116.SH,20250522,10.9,1.8059,5.6167,0.96,41.8849,37.0795,1.8195,1.5404,1.5356,1.8349,1.8349,54767.84,54767.84,17609.1858,596969.456,596969.456,0
601116.SH,20250521,11.22,1.4835,4.6141,0.72,43.1146,38.1681,1.8729,1.5856,1.5807,1.7825,1.7825,54767.84,54767.84,17609.1858,614495.1648,614495.1648,0
601116.SH,20250520,11.35,2.6004,8.0879,1.42,43.6141,38.6103,1.8946,1.604,1.599,1.7621,1.7621,54767.84,54767.84,17609.1858,621614.984,621614.984,0
601116.SH,20250519,11.17,2.0828,6.4779,1.2,42.9224,37.998,1.8646,1.5785,1.5737,1.7905,1.7905,54767.84,54767.84,17609.1858,611756.7728,611756.7728,0
601116.SH,20250516,11.01,1.4851,4.6191,0.77,42.3076,37.4537,1.8379,1.5559,1.5511,1.8165,1.8165,54767.84,54767.84,17609.1858,602993.9184,602993.9184,0
601116.SH,20250515,10.88,1.7578,5.467,0.82,41.8081,37.0115,1.8162,1.5376,1.5328,1.8382,1.8382,54767.84,54767.84,17609.1858,595874.0992,595874.0992,0
601116.SH,20250514,11.14,2.4437,7.6004,1.04,42.8072,37.896,1.8596,1.5743,1.5695,1.7953,1.7953,54767.84,54767.84,17609.1858,610113.7376,610113.7376,0
601116.SH,20250513,10.93,1.41,4.3852,0.45,42.0002,37.1816,1.8245,1.5446,1.5399,1.8298,1.8298,54767.84,54767.84,17609.1858,598612.4912,598612.4912,0
601116.SH,20250512,10.98,1.6125,5.0153,0.4,42.1923,37.3517,1.8329,1.5517,1.5469,1.8215,1.8215,54767.84,54767.84,17609.1858,601350.8832,601350.8832,0
601116.SH,20250509,10.86,2.4702,7.6826,0.63,41.7312,36.9435,1.8128,1.5347,1.53,1.8416,1.8416,54767.84,54767.84,17609.1858,594778.7424,594778.7424,0
601116.SH,20250508,11.24,2.7908,8.68,0.72,43.1914,38.2361,1.8763,1.5884,1.5835,1.7794,1.7794,54767.84,54767.84,17609.1858,615590.5216,615590.5216,0
601116.SH,20250507,11.19,3.5117,10.922,0.98,42.9993,38.066,1.8679,1.5814,1.5765,1.7873,1.7873,54767.84,54767.84,17609.1858,612852.1296,612852.1296,0
601116.SH,20250506,11.28,5.141,15.9893,1.63,43.3451,38.3722,1.883,1.5941,1.5892,1.773,1.773,54767.84,54767.84,17609.1858,617781.2352,617781.2352,0
601116.SH,20250430,11.39,6.1608,19.1613,2.04,43.7678,38.7464,1.9013,1.6096,1.6047,1.7559,1.7559,54767.84,54767.84,17609.1858,623805.6976,623805.6976,0
601116.SH,20250429,10.76,1.8829,5.8562,0.49,41.347,36.6033,1.7962,1.5206,1.5159,1.8587,1.8587,54767.84,54767.84,17609.1858,589301.9584,589301.9584,0
601116.SH,20250428,10.69,2.6313,8.1837,0.58,41.078,36.3651,1.7845,1.5107,1.5061,1.8709,1.8709,54767.84,54767.84,17609.1858,585468.2096,585468.2096,0
601116.SH,20250425,10.78,2.0134,6.1807,0.35,42.8758,37.8034,1.8515,1.5153,1.4917,1.8553,1.8553,54767.84,54767.84,17840.9208,590397.3152,590397.3152,0
601116.SH,20250424,10.75,3.1285,9.6039,0.49,42.7565,37.6982,1.8464,1.5111,1.4875,1.8605,1.8605,54767.84,54767.84,17840.9208,588754.28,588754.28,0
601116.SH,20250423,11.05,5.4773,16.8142,0.91,43.9497,38.7502,1.8979,1.5532,1.5291,1.81,1.81,54767.84,54767.84,17840.9208,605184.632,605184.632,0
601116.SH,20250422,11.81,6.0886,18.6908,1.01,46.9725,41.4154,2.0285,1.6601,1.6342,1.6935,1.6935,54767.84,54767.84,17840.9208,646808.1904,646808.1904,0
601116.SH,20250421,12.4,5.8783,18.0452,0.88,49.3191,43.4844,2.1298,1.743,1.7159,1.6129,1.6129,54767.84,54767.84,17840.9208,679121.216,679121.216,0
601116.SH,20250418,12.44,7.8685,24.1547,1.31,49.4782,43.6247,2.1367,1.7486,1.7214,1.6077,1.6077,54767.84,54767.84,17840.9208,681311.9296,681311.9296,0
601116.SH,20250417,12.37,6.4331,19.7483,1.08,49.1998,43.3792,2.1246,1.7388,1.7117,1.6168,1.6168,54767.84,54767.84,17840.9208,677478.1808,677478.1808,0
601116.SH,20250416,11.81,3.8234,11.7369,0.62,46.9725,41.4154,2.0285,1.6601,1.6342,1.6935,1.6935,54767.84,54767.84,17840.9208,646808.1904,646808.1904,0
601116.SH,20250415,11.81,6.1744,18.954,1.07,46.9725,41.4154,2.0285,1.6601,1.6342,1.6935,1.6935,54767.84,54767.84,17840.9208,646808.1904,646808.1904,0
601116.SH,20250414,12.21,9.1522,28.0954,2.08,48.5634,42.8181,2.0972,1.7163,1.6896,1.638,1.638,54767.84,54767.84,17840.9208,668715.3264,668715.3264,0
601116.SH,20250411,11.6,4.4067,13.5278,1.1,46.1373,40.679,1.9924,1.6305,1.6052,1.7241,1.7241,54767.84,54767.84,17840.9208,635306.944,635306.944,0
601116.SH,20250410,11.95,6.2922,19.3157,2.16,47.5293,41.9064,2.0525,1.6797,1.6536,1.6736,1.6736,54767.84,54767.84,17840.9208,654475.688,654475.688,0
601116.SH,20250409,11.27,4.9432,15.1746,2.32,44.8247,39.5217,1.9357,1.5842,1.5595,1.7746,1.7746,54767.84,54767.84,17840.9208,617233.5568,617233.5568,0
601116.SH,20250408,10.88,4.0776,12.5175,2.57,43.2736,38.1541,1.8687,1.5293,1.5055,1.8382,1.8382,54767.84,54767.84,17840.9208,595874.0992,595874.0992,0
601116.SH,20250407,10.37,2.3317,7.1579,1.78,41.2451,36.3656,1.7811,1.4576,1.435,1.9286,1.9286,54767.84,54767.84,17840.9208,567942.5008,567942.5008,-1
601116.SH,20250403,11.52,2.3631,7.2542,2.25,45.8191,40.3984,1.9786,1.6193,1.5941,1.7361,1.7361,54767.84,54767.84,17840.9208,630925.5168,630925.5168,0
601116.SH,20250402,11.22,0.8319,2.5538,0.74,44.6259,39.3464,1.9271,1.5771,1.5526,1.7825,1.7825,54767.84,54767.84,17840.9208,614495.1648,614495.1648,0
601116.SH,20250401,11.19,1.0685,3.28,0.92,44.5065,39.2412,1.922,1.5729,1.5484,1.7873,1.7873,54767.84,54767.84,17840.9208,612852.1296,612852.1296,0
601116.SH,20250331,11.29,1.3412,4.1171,1.09,44.9043,39.5919,1.9391,1.587,1.5623,1.7715,1.7715,54767.84,54767.84,17840.9208,618328.9136,618328.9136,0
601116.SH,20250328,11.2,0.9571,2.938,0.7,44.5463,39.2763,1.9237,1.5743,1.5498,1.7857,1.7857,54767.84,54767.84,17840.9208,613399.808,613399.808,0
601116.SH,20250327,11.39,1.0643,3.267,0.71,45.302,39.9426,1.9563,1.601,1.5761,1.7559,1.7559,54767.84,54767.84,17840.9208,623805.6976,623805.6976,0
601116.SH,20250326,11.5,1.2098,3.7137,0.74,45.7395,40.3283,1.9752,1.6165,1.5913,1.7391,1.7391,54767.84,54767.84,17840.9208,629830.16,629830.16,0
601116.SH,20250325,11.27,1.2479,3.8307,0.64,44.8247,39.5217,1.9357,1.5842,1.5595,1.7746,1.7746,54767.84,54767.84,17840.9208,617233.5568,617233.5568,0
601116.SH,20250324,11.45,1.6568,5.0862,0.72,45.5406,40.153,1.9666,1.6095,1.5844,1.7467,1.7467,54767.84,54767.84,17840.9208,627091.768,627091.768,0
601116.SH,20250321,11.57,1.6323,5.0107,0.6,46.0179,40.5738,1.9872,1.6263,1.601,1.7286,1.7286,54767.84,54767.84,17840.9208,633663.9088,633663.9088,0
601116.SH,20250320,11.85,1.7272,5.302,0.61,47.1316,41.5557,2.0353,1.6657,1.6398,1.6878,1.6878,54767.84,54767.84,17840.9208,648998.904,648998.904,0
601116.SH,20250319,12.0,1.9387,5.9513,0.63,47.7282,42.0817,2.0611,1.6868,1.6605,1.6667,1.6667,54767.84,54767.84,17840.9208,657214.08,657214.08,0
601116.SH,20250318,12.16,2.7718,8.509,0.92,48.3646,42.6428,2.0886,1.7093,1.6827,1.6447,1.6447,54767.84,54767.84,17840.9208,665976.9344,665976.9344,0
601116.SH,20250317,12.14,3.3804,10.3772,1.17,48.285,42.5727,2.0851,1.7064,1.6799,1.6474,1.6474,54767.84,54767.84,17840.9208,664881.5776,664881.5776,0
601116.SH,20250314,12.17,3.7884,11.6296,1.32,48.4043,42.6779,2.0903,1.7107,1.684,1.6434,1.6434,54767.84,54767.84,17840.9208,666524.6128,666524.6128,0
601116.SH,20250313,11.7,2.2116,6.7891,0.68,46.535,41.0297,2.0096,1.6446,1.619,1.7094,1.7094,54767.84,54767.84,17840.9208,640783.728,640783.728,0
601116.SH,20250312,11.99,3.2267,9.9053,1.01,47.6884,42.0466,2.0594,1.6854,1.6591,1.6681,1.6681,54767.84,54767.84,17840.9208,656666.4016,656666.4016,0
601116.SH,20250311,12.0,2.3821,7.3125,0.74,47.7282,42.0817,2.0611,1.6868,1.6605,1.6667,1.6667,54767.84,54767.84,17840.9208,657214.08,657214.08,0
601116.SH,20250310,11.95,2.8659,8.7977,0.85,47.5293,41.9064,2.0525,1.6797,1.6536,1.6736,1.6736,54767.84,54767.84,17840.9208,654475.688,654475.688,0
601116.SH,20250307,11.7,3.6794,11.295,0.99,46.535,41.0297,2.0096,1.6446,1.619,1.7094,1.7094,54767.84,54767.84,17840.9208,640783.728,640783.728,0
601116.SH,20250306,12.03,4.2276,12.9777,0.93,47.8475,42.1869,2.0662,1.691,1.6647,1.6625,1.6625,54767.84,54767.84,17840.9208,658857.1152,658857.1152,0
601116.SH,20250305,11.62,2.8245,8.6707,0.6,46.2168,40.7491,1.9958,1.6334,1.6079,1.7212,1.7212,54767.84,54767.84,17840.9208,636402.3008,636402.3008,0
601116.SH,20250304,11.52,2.5016,7.6795,0.5,45.8191,40.3984,1.9786,1.6193,1.5941,1.7361,1.7361,54767.84,54767.84,17840.9208,630925.5168,630925.5168,0
601116.SH,20250303,11.69,3.5467,11.0308,0.65,46.4952,40.9946,2.0078,1.6432,1.6176,1.7109,1.7109,54767.84,54767.84,17609.1858,640236.0496,640236.0496,0
601116.SH,20250228,11.43,5.5098,17.1366,0.93,45.4611,40.0828,1.9632,1.6066,1.5816,1.7498,1.7498,54767.84,54767.84,17609.1858,625996.4112,625996.4112,0
601116.SH,20250227,12.5,8.3825,26.0712,1.33,49.7169,43.8351,2.147,1.7571,1.7297,1.6,1.6,54767.84,54767.84,17609.1858,684598.0,684598.0,0
601116.SH,20250226,11.91,3.5389,11.0068,0.44,47.3702,41.7661,2.0456,1.6741,1.6481,1.6793,1.6793,54767.84,54767.84,17609.1858,652284.9744,652284.9744,0
601116.SH,20250225,11.74,4.0143,12.4852,0.54,46.6941,41.1699,2.0164,1.6502,1.6245,1.7036,1.7036,54767.84,54767.84,17609.1858,642974.4416,642974.4416,0
601116.SH,20250224,11.84,5.9858,18.6169,0.63,47.0918,41.5206,2.0336,1.6643,1.6384,1.6892,1.6892,54767.84,54767.84,17609.1858,648451.2256,648451.2256,0
601116.SH,20250221,12.35,7.6916,23.9224,0.81,49.1203,43.3091,2.1212,1.736,1.7089,1.6194,1.6194,54767.84,54767.84,17609.1858,676382.824,676382.824,0
601116.SH,20250220,12.44,10.3011,32.0382,1.1,49.4782,43.6247,2.1367,1.7486,1.7214,1.6077,1.6077,54767.84,54767.84,17609.1858,681311.9296,681311.9296,0
601116.SH,20250219,12.41,11.9205,37.0751,1.53,49.3589,43.5195,2.1315,1.7444,1.7172,1.6116,1.6116,54767.84,54767.84,17609.1858,679668.8944,679668.8944,0
601116.SH,20250218,13.43,1.2165,3.7837,0.15,53.4158,47.0964,2.3067,1.8878,1.8584,1.4892,1.4892,54767.84,54767.84,17609.1858,735532.0912,735532.0912,-1
601116.SH,20250217,14.92,16.0518,49.9242,2.97,59.3421,52.3216,2.5626,2.0972,2.0646,1.3405,1.3405,54767.84,54767.84,17609.1858,817136.1728,817136.1728,0
601116.SH,20250214,14.15,8.1079,25.2172,1.95,56.2795,49.6214,2.4304,1.989,1.958,1.4134,1.4134,54767.84,54767.84,17609.1858,774964.936,774964.936,1
601116.SH,20250213,12.86,9.4206,29.2998,3.78,51.1487,45.0976,2.2088,1.8077,1.7795,1.5552,1.5552,54767.84,54767.84,17609.1858,704314.4224,704314.4224,1
601116.SH,20250212,11.69,4.0885,12.716,2.16,46.4952,40.9946,2.0078,1.6432,1.6176,1.7109,1.7109,54767.84,54767.84,17609.1858,640236.0496,640236.0496,1
601116.SH,20250211,10.63,3.1028,9.6503,2.04,42.2792,37.2774,1.8258,1.4942,1.4709,1.8815,1.8815,54767.84,54767.84,17609.1858,582182.1392,582182.1392,0
601116.SH,20250210,10.34,2.3256,7.233,1.87,41.1258,36.2604,1.776,1.4534,1.4308,1.9342,1.9342,54767.84,54767.84,17609.1858,566299.4656,566299.4656,0
601116.SH,20250207,10.0,1.809,5.6264,1.71,39.7735,35.0681,1.7176,1.4056,1.3838,2.0,2.0,54767.84,54767.84,17609.1858,547678.4,547678.4,0
601116.SH,20250206,9.77,1.14,3.5458,1.09,38.8587,34.2615,1.6781,1.3733,1.3519,2.0471,2.0471,54767.84,54767.84,17609.1858,535081.7968,535081.7968,0
601116.SH,20250205,9.78,1.0975,3.4133,1.11,38.8985,34.2966,1.6798,1.3747,1.3533,2.045,2.045,54767.84,54767.84,17609.1858,535629.4752,535629.4752,0
601116.SH,20250127,9.86,1.2274,3.8175,1.25,39.2167,34.5771,1.6935,1.386,1.3644,2.0284,2.0284,54767.84,54767.84,17609.1858,540010.9024,540010.9024,0
601116.SH,20250124,9.88,0.9409,2.9264,0.95,39.2962,34.6473,1.697,1.3888,1.3672,2.0243,2.0243,54767.84,54767.84,17609.1858,541106.2592,541106.2592,0
601116.SH,20250123,9.85,0.8885,2.7634,0.81,39.1769,34.5421,1.6918,1.3846,1.363,2.0305,2.0305,54767.84,54767.84,17609.1858,539463.224,539463.224,0
601116.SH,20250122,9.88,1.0559,3.2841,0.94,39.2962,34.6473,1.697,1.3888,1.3672,2.0243,2.0243,54767.84,54767.84,17609.1858,541106.2592,541106.2592,0
601116.SH,20250121,10.13,0.8519,2.6494,0.7,40.2905,35.524,1.7399,1.4239,1.4017,1.9743,1.9743,54767.84,54767.84,17609.1858,554798.2192,554798.2192,0
601116.SH,20250120,10.09,1.1913,3.7051,0.99,40.1315,35.3837,1.733,1.4183,1.3962,1.9822,1.9822,54767.84,54767.84,17609.1858,552607.5056,552607.5056,0
601116.SH,20250117,9.98,0.9849,3.0633,0.78,39.6939,34.998,1.7141,1.4028,1.381,2.004,2.004,54767.84,54767.84,17609.1858,546583.0432,546583.0432,0
601116.SH,20250116,10.08,1.4147,4.3999,1.15,40.0917,35.3486,1.7313,1.4169,1.3948,1.9841,1.9841,54767.84,54767.84,17609.1858,552059.8272,552059.8272,0
601116.SH,20250115,10.0,1.1928,3.7099,0.89,39.7735,35.0681,1.7176,1.4056,1.3838,2.0,2.0,54767.84,54767.84,17609.1858,547678.4,547678.4,0
601116.SH,20250114,9.96,1.3399,4.1674,0.98,39.6144,34.9278,1.7107,1.4,1.3782,2.008,2.008,54767.84,54767.84,17609.1858,545487.6864,545487.6864,0
601116.SH,20250113,9.58,1.1083,3.4471,0.71,38.103,33.5952,1.6454,1.3466,1.3256,2.0877,2.0877,54767.84,54767.84,17609.1858,524675.9072,524675.9072,0
601116.SH,20250110,9.48,1.2254,3.8114,0.59,37.7053,33.2446,1.6283,1.3325,1.3118,2.1097,2.1097,54767.84,54767.84,17609.1858,519199.1232,519199.1232,0
601116.SH,20250109,10.0,1.2837,3.9926,0.49,39.7735,35.0681,1.7176,1.4056,1.3838,2.0,2.0,54767.84,54767.84,17609.1858,547678.4,547678.4,0
601116.SH,20250108,9.98,1.7346,5.3948,0.64,39.6939,34.998,1.7141,1.4028,1.381,2.004,2.004,54767.84,54767.84,17609.1858,546583.0432,546583.0432,0
601116.SH,20250107,9.77,1.4615,4.5455,0.5,38.8587,34.2615,1.6781,1.3733,1.3519,2.0471,2.0471,54767.84,54767.84,17609.1858,535081.7968,535081.7968,0
601116.SH,20250106,9.6,2.152,6.6933,0.7,38.1826,33.6654,1.6489,1.3494,1.3284,2.0833,2.0833,54767.84,54767.84,17609.1858,525771.264,525771.264,0
601116.SH,20250103,10.01,3.6813,11.4496,1.32,39.8133,35.1032,1.7193,1.407,1.3851,1.998,1.998,54767.84,54767.84,17609.1858,548226.0784,548226.0784,0
601116.SH,20250102,11.01,4.0009,12.4437,1.62,43.7906,38.61,1.891,1.5476,1.5235,1.8165,1.8165,54767.84,54767.84,17609.1858,602993.9184,602993.9184,0
